-8.476562500000000000e-01
1.205078125000000000e+00
-3.566894531250000000e-01
1.343750000000000000e+00
2.755737304687500000e-02
-1.129882812500000000e+00
2.597656250000000000e-01
9.277343750000000000e-01
5.096435546875000000e-02
-2.514648437500000000e-01
-1.052246093750000000e-01
-6.518554687500000000e-01
-1.066406250000000000e+00
2.761230468750000000e-01
1.221679687500000000e+00
-2.714843750000000000e-01
-4.614257812500000000e-01
2.271728515625000000e-01
-6.951904296875000000e-02
6.025390625000000000e-01
-2.449951171875000000e-01
-5.869140625000000000e-01
-8.168945312500000000e-01
1.253906250000000000e+00
1.242187500000000000e+00
7.841796875000000000e-01
-1.601562500000000000e-01
-1.818847656250000000e-02
-6.074218750000000000e-01
9.072265625000000000e-01
-1.072265625000000000e+00
5.581054687500000000e-01
-7.070312500000000000e-01
1.650390625000000000e+00
7.978515625000000000e-01
2.480468750000000000e-01
-1.823730468750000000e-01
1.662597656250000000e-01
-9.648437500000000000e-01
6.762695312500000000e-01
-6.796875000000000000e-01
1.598632812500000000e+00
-7.089843750000000000e-01
1.741210937500000000e+00
1.650390625000000000e-01
-4.252929687500000000e-01
1.651611328125000000e-01
1.155273437500000000e+00
3.798828125000000000e-01
4.077148437500000000e-01
-4.226074218750000000e-01
1.308593750000000000e+00
1.253662109375000000e-01
4.467773437500000000e-01
-1.656494140625000000e-01
-8.095703125000000000e-01
2.824707031250000000e-01
8.901367187500000000e-01
6.280517578125000000e-02
-3.186035156250000000e-02
-2.508544921875000000e-02
-6.362304687500000000e-01
2.016601562500000000e-01
-6.469726562500000000e-01
1.064453125000000000e-01
2.539062500000000000e-01
-4.594726562500000000e-01
-6.665039062500000000e-02
-1.478271484375000000e-01
1.427001953125000000e-01
-6.259765625000000000e-01
-6.669921875000000000e-01
-1.689453125000000000e-01
-1.687011718750000000e-01
4.104003906250000000e-01
3.015136718750000000e-01
-3.608398437500000000e-01
-3.754882812500000000e-01
-1.052734375000000000e+00
-9.521484375000000000e-03
-6.289062500000000000e-01
-5.898437500000000000e-01
-1.151367187500000000e+00
1.392578125000000000e+00
8.100585937500000000e-01
8.588867187500000000e-01
-5.341796875000000000e-01
5.749511718750000000e-02
-4.387207031250000000e-01
6.015625000000000000e-01
-6.738281250000000000e-01
1.736328125000000000e+00
-5.947265625000000000e-01
1.766601562500000000e+00
5.957031250000000000e-02
-4.045410156250000000e-01
2.193603515625000000e-01
1.116210937500000000e+00
4.494628906250000000e-01
4.277343750000000000e-01
-5.322265625000000000e-01
1.541015625000000000e+00
3.325195312500000000e-01
4.270019531250000000e-01
-3.154296875000000000e-01
-9.604492187500000000e-01
4.597167968750000000e-01
8.149414062500000000e-01
1.697998046875000000e-01
-2.126464843750000000e-01
1.967773437500000000e-01
-8.911132812500000000e-01
5.639648437500000000e-02
-1.023437500000000000e+00
5.620117187500000000e-01
6.689453125000000000e-02
-3.999023437500000000e-01
-2.624511718750000000e-02
-2.484130859375000000e-01
6.665039062500000000e-02
-3.530273437500000000e-01
-1.072265625000000000e+00
-2.832031250000000000e-01
4.101562500000000000e-02
7.377929687500000000e-01
7.836914062500000000e-01
-2.968750000000000000e-01
-6.323242187500000000e-02
-1.107421875000000000e+00
2.058105468750000000e-01
-4.174804687500000000e-01
1.017578125000000000e+00
-5.859375000000000000e-03
2.902832031250000000e-01
1.153564453125000000e-01
-9.882812500000000000e-01
-3.601074218750000000e-02
9.526367187500000000e-01
-1.529541015625000000e-01
-9.722900390625000000e-02
-2.465820312500000000e-02
-1.344726562500000000e+00
-5.175781250000000000e-01
-1.054687500000000000e+00
7.202148437500000000e-01
1.909179687500000000e-01
-5.834960937500000000e-01
2.407226562500000000e-01
-2.064208984375000000e-01
4.895019531250000000e-01
-6.103515625000000000e-01
-6.782226562500000000e-01
-4.116210937500000000e-01
7.177734375000000000e-01
6.250000000000000000e-01
6.044921875000000000e-01
-2.963867187500000000e-01
-1.912841796875000000e-01
-1.191406250000000000e+00
2.856445312500000000e-01
-1.194335937500000000e+00
1.469726562500000000e-01
-1.408203125000000000e+00
1.373046875000000000e+00
1.125976562500000000e+00
3.415527343750000000e-01
-5.146484375000000000e-01
4.335937500000000000e-01
-7.348632812500000000e-01
6.152343750000000000e-01
-6.074218750000000000e-01
1.848632812500000000e+00
-5.283203125000000000e-01
1.776367187500000000e+00
-9.912109375000000000e-02
-4.997558593750000000e-01
2.224121093750000000e-01
1.219726562500000000e+00
6.250000000000000000e-01
3.740234375000000000e-01
-6.367187500000000000e-01
1.695312500000000000e+00
4.562988281250000000e-01
5.605468750000000000e-01
-3.625488281250000000e-01
-1.010742187500000000e+00
3.039550781250000000e-01
6.464843750000000000e-01
-2.807617187500000000e-02
-4.291992187500000000e-01
6.982421875000000000e-02
-5.126953125000000000e-01
4.294433593750000000e-01
-4.235839843750000000e-01
-1.148071289062500000e-01
2.661132812500000000e-01
-3.867187500000000000e-01
-3.002929687500000000e-01
1.721191406250000000e-01
-1.274414062500000000e-01
-3.571777343750000000e-01
-9.936523437500000000e-01
-1.303710937500000000e-01
-1.806640625000000000e-01
7.270507812500000000e-01
5.512695312500000000e-01
-6.962890625000000000e-01
-6.728515625000000000e-01
-6.088867187500000000e-01
4.472656250000000000e-01
-1.625976562500000000e-01
-8.618164062500000000e-01
-7.255859375000000000e-01
1.263671875000000000e+00
7.197265625000000000e-01
1.164062500000000000e+00
-3.852539062500000000e-01
-3.491210937500000000e-01
-5.722656250000000000e-01
6.445312500000000000e-01
-6.123046875000000000e-01
1.966796875000000000e+00
-4.453125000000000000e-01
1.915039062500000000e+00
-2.949218750000000000e-01
-6.367187500000000000e-01
3.195800781250000000e-01
1.286132812500000000e+00
7.832031250000000000e-01
3.588867187500000000e-01
-3.984375000000000000e-01
1.449218750000000000e+00
5.966796875000000000e-01
2.622070312500000000e-01
-4.809570312500000000e-01
-1.223632812500000000e+00
3.273925781250000000e-01
8.398437500000000000e-01
2.924804687500000000e-01
-4.606933593750000000e-01
1.655273437500000000e-01
-9.785156250000000000e-01
6.489257812500000000e-01
-1.207031250000000000e+00
-3.129882812500000000e-01
6.459960937500000000e-01
-4.433593750000000000e-01
-7.402343750000000000e-01
4.064941406250000000e-02
-1.091308593750000000e-01
-4.655761718750000000e-01
-1.186523437500000000e+00
5.371093750000000000e-02
-1.984863281250000000e-01
4.790039062500000000e-01
4.560546875000000000e-01
-5.800781250000000000e-01
-7.719726562500000000e-01
-5.795898437500000000e-01
2.065429687500000000e-01
-5.424804687500000000e-01
1.144531250000000000e+00
8.465576171875000000e-02
-3.681640625000000000e-01
2.294921875000000000e-02
-5.776367187500000000e-01
2.976074218750000000e-01
6.142578125000000000e-01
-1.074218750000000000e-01
-2.895507812500000000e-01
1.865234375000000000e-01
-7.602539062500000000e-01
7.470703125000000000e-01
-7.451171875000000000e-01
-4.189453125000000000e-01
1.005859375000000000e+00
-1.812744140625000000e-01
-7.480468750000000000e-01
-3.935546875000000000e-01
-1.398925781250000000e-01
-1.305664062500000000e+00
-2.114257812500000000e-01
1.668701171875000000e-01
3.598632812500000000e-01
7.001953125000000000e-01
6.181640625000000000e-01
-5.615234375000000000e-01
-7.910156250000000000e-01
-6.738281250000000000e-01
1.040649414062500000e-01
-2.839355468750000000e-01
-5.952148437500000000e-01
-9.492187500000000000e-01
1.477539062500000000e+00
5.927734375000000000e-01
9.736328125000000000e-01
-4.875488281250000000e-01
1.679687500000000000e-01
-3.671875000000000000e-01
6.015625000000000000e-01
-5.649414062500000000e-01
2.031250000000000000e+00
-5.175781250000000000e-01
1.854492187500000000e+00
-3.735351562500000000e-01
-6.826171875000000000e-01
3.212890625000000000e-01
1.404296875000000000e+00
8.623046875000000000e-01
2.670898437500000000e-01
-5.083007812500000000e-01
1.327148437500000000e+00
3.588867187500000000e-02
-1.187744140625000000e-01
-4.194335937500000000e-01
-1.226562500000000000e+00
5.004882812500000000e-01
9.414062500000000000e-01
3.730468750000000000e-01
-3.293457031250000000e-01
6.708984375000000000e-01
-1.144531250000000000e+00
-1.861572265625000000e-01
-1.001953125000000000e+00
-2.227783203125000000e-01
3.740234375000000000e-01
-3.002929687500000000e-01
-2.812500000000000000e-01
1.044921875000000000e-01
-1.955566406250000000e-01
-7.465820312500000000e-01
-1.365234375000000000e+00
-5.703125000000000000e-01
-3.901367187500000000e-01
1.279296875000000000e+00
1.918945312500000000e-01
-3.320312500000000000e-01
-4.284667968750000000e-01
-6.040039062500000000e-01
2.307128906250000000e-01
-5.869140625000000000e-01
-4.785156250000000000e-01
-6.738281250000000000e-01
1.152343750000000000e+00
9.189453125000000000e-01
1.161132812500000000e+00
-4.765625000000000000e-01
-3.710937500000000000e-01
-8.696289062500000000e-01
7.358398437500000000e-01
-5.058593750000000000e-01
2.095703125000000000e+00
-4.938964843750000000e-01
1.891601562500000000e+00
-4.384765625000000000e-01
-7.685546875000000000e-01
3.317871093750000000e-01
1.466796875000000000e+00
9.443359375000000000e-01
2.810058593750000000e-01
-2.224121093750000000e-01
1.607421875000000000e+00
1.691894531250000000e-01
-1.282958984375000000e-01
-4.545898437500000000e-01
-1.257812500000000000e+00
3.278808593750000000e-01
9.350585937500000000e-01
3.173828125000000000e-01
-2.519531250000000000e-01
5.429687500000000000e-01
-1.234375000000000000e+00
-1.212158203125000000e-01
-1.117187500000000000e+00
-2.832031250000000000e-01
3.193359375000000000e-01
-1.763916015625000000e-01
-4.069824218750000000e-01
-5.554199218750000000e-03
-3.420410156250000000e-01
-3.420410156250000000e-01
-1.721679687500000000e+00
-2.548828125000000000e-01
-8.510742187500000000e-01
1.016601562500000000e+00
2.827148437500000000e-01
-2.329101562500000000e-01
-7.373046875000000000e-01
-5.419921875000000000e-01
1.900634765625000000e-01
-5.864257812500000000e-01
1.823242187500000000e+00
-1.767578125000000000e-01
6.982421875000000000e-01
-8.569335937500000000e-02
-1.076171875000000000e+00
1.772460937500000000e-01
4.218750000000000000e-01
2.093505859375000000e-01
-1.301269531250000000e-01
4.614257812500000000e-01
-4.089355468750000000e-01
7.363281250000000000e-01
-4.643554687500000000e-01
-4.882812500000000000e-01
5.048828125000000000e-01
5.878906250000000000e-01
-7.011718750000000000e-01
3.505859375000000000e-01
-2.897949218750000000e-01
-3.198242187500000000e-01
-1.424804687500000000e+00
-1.132202148437500000e-01
-2.963867187500000000e-01
6.923828125000000000e-01
1.975097656250000000e-01
-6.679687500000000000e-01
-3.947753906250000000e-01
-5.966796875000000000e-01
3.139648437500000000e-01
-3.767089843750000000e-01
-5.761718750000000000e-01
-8.793945312500000000e-01
1.054687500000000000e+00
9.238281250000000000e-01
1.011718750000000000e+00
-2.478027343750000000e-01
-2.266845703125000000e-01
-7.768554687500000000e-01
5.541992187500000000e-01
-7.402343750000000000e-01
2.019531250000000000e+00
-6.806640625000000000e-01
2.246093750000000000e+00
-5.180664062500000000e-01
-4.836425781250000000e-01
1.945800781250000000e-01
1.355468750000000000e+00
4.250488281250000000e-01
1.381835937500000000e-01
-7.666015625000000000e-01
1.875000000000000000e+00
-3.903808593750000000e-01
9.033203125000000000e-01
-2.166748046875000000e-02
-9.028320312500000000e-01
8.569335937500000000e-02
3.154296875000000000e-01
1.486816406250000000e-01
9.399414062500000000e-03
6.378173828125000000e-02
-4.089355468750000000e-01
2.812500000000000000e-01
-4.406738281250000000e-02
-1.933593750000000000e-01
9.453125000000000000e-01
4.575195312500000000e-01
-9.833984375000000000e-01
-1.950683593750000000e-01
-4.702148437500000000e-01
-3.339843750000000000e-01
-8.090820312500000000e-01
-1.723632812500000000e-01
1.333007812500000000e-01
6.337890625000000000e-01
5.830078125000000000e-01
-1.809082031250000000e-01
-5.161132812500000000e-01
-2.407226562500000000e-01
5.454101562500000000e-01
-8.837890625000000000e-01
2.075195312500000000e-03
-3.120117187500000000e-01
1.926757812500000000e+00
7.890625000000000000e-01
1.082031250000000000e+00
-3.486328125000000000e-01
-1.739501953125000000e-01
-5.234375000000000000e-01
6.738281250000000000e-01
-7.197265625000000000e-01
2.041015625000000000e+00
-6.655273437500000000e-01
2.238281250000000000e+00
-5.556640625000000000e-01
-4.948730468750000000e-01
1.901855468750000000e-01
1.380859375000000000e+00
4.636230468750000000e-01
1.269531250000000000e-01
-8.632812500000000000e-01
1.982421875000000000e+00
-3.850097656250000000e-01
9.570312500000000000e-01
-2.568359375000000000e-01
-1.123046875000000000e+00
2.343750000000000000e-01
4.184570312500000000e-01
3.750000000000000000e-01
-1.669921875000000000e-01
3.029785156250000000e-01
-6.523437500000000000e-01
5.019531250000000000e-01
-4.882812500000000000e-03
-8.410644531250000000e-02
9.013671875000000000e-01
2.683105468750000000e-01
-1.126953125000000000e+00
-1.513671875000000000e-02
-2.558593750000000000e-01
-2.639160156250000000e-01
-8.222656250000000000e-01
-2.287597656250000000e-01
-1.801757812500000000e-01
7.172851562500000000e-01
6.015625000000000000e-01
-3.986816406250000000e-01
-4.797363281250000000e-01
-4.458007812500000000e-01
5.854492187500000000e-01
-8.173828125000000000e-01
1.467773437500000000e+00
-4.038085937500000000e-01
1.416015625000000000e+00
-4.467773437500000000e-02
-9.160156250000000000e-01
3.713378906250000000e-01
7.041015625000000000e-01
6.152343750000000000e-01
3.364257812500000000e-01
-2.792968750000000000e-01
-4.919433593750000000e-01
-1.354980468750000000e-01
-7.067871093750000000e-02
3.186035156250000000e-01
-1.989746093750000000e-01
-4.370117187500000000e-01
-2.102050781250000000e-01
-3.510742187500000000e-01
1.148071289062500000e-01
-7.397460937500000000e-02
-6.245117187500000000e-01
-6.142578125000000000e-01
3.217773437500000000e-01
5.654296875000000000e-01
6.835937500000000000e-01
-7.641601562500000000e-02
-4.140625000000000000e-01
-4.272460937500000000e-01
4.936523437500000000e-01
-7.661132812500000000e-01
-5.859375000000000000e-03
-2.788085937500000000e-01
1.791015625000000000e+00
5.332031250000000000e-01
9.033203125000000000e-01
-1.026000976562500000e-01
-3.386230468750000000e-01
-5.039062500000000000e-01
5.024414062500000000e-01
-5.478515625000000000e-01
2.082031250000000000e+00
-1.139648437500000000e+00
2.259765625000000000e+00
4.003906250000000000e-02
-8.750000000000000000e-01
2.026367187500000000e-01
1.458984375000000000e+00
2.343750000000000000e-01
2.187500000000000000e-01
-4.614257812500000000e-01
1.147460937500000000e+00
-4.304199218750000000e-01
1.312500000000000000e+00
2.026367187500000000e-01
-1.191406250000000000e+00
5.693359375000000000e-01
9.868164062500000000e-01
6.186523437500000000e-01
1.575927734375000000e-01
3.171386718750000000e-01
-5.327148437500000000e-01
-1.650390625000000000e-01
-4.682617187500000000e-01
8.178710937500000000e-01
-4.582519531250000000e-01
-3.317871093750000000e-01
-6.909179687500000000e-02
-4.042968750000000000e-01
3.400878906250000000e-01
1.901855468750000000e-01
-1.115234375000000000e+00
-5.761718750000000000e-01
-3.093261718750000000e-01
9.023437500000000000e-01
4.196777343750000000e-01
7.470703125000000000e-02
3.295898437500000000e-03
-9.873046875000000000e-01
3.291015625000000000e-01
-9.550781250000000000e-01
-2.282714843750000000e-01
-8.701171875000000000e-01
1.356445312500000000e+00
8.813476562500000000e-01
5.517578125000000000e-01
-5.156250000000000000e-01
-3.930664062500000000e-02
-9.028320312500000000e-01
7.617187500000000000e-01
-4.729003906250000000e-01
2.107421875000000000e+00
-1.187500000000000000e+00
2.113281250000000000e+00
3.173828125000000000e-02
-9.023437500000000000e-01
2.553710937500000000e-01
1.531250000000000000e+00
3.208007812500000000e-01
2.343750000000000000e-01
-3.613281250000000000e-01
1.183593750000000000e+00
-4.306640625000000000e-01
1.083007812500000000e+00
1.234130859375000000e-01
-1.155273437500000000e+00
6.699218750000000000e-01
1.001953125000000000e+00
5.771484375000000000e-01
8.154296875000000000e-02
6.701660156250000000e-02
-7.402343750000000000e-01
-3.071289062500000000e-01
-4.653320312500000000e-01
8.378906250000000000e-01
-4.101562500000000000e-01
-3.759765625000000000e-01
-7.843017578125000000e-02
-7.080078125000000000e-01
1.938476562500000000e-01
-3.662109375000000000e-03
-1.195312500000000000e+00
-1.003906250000000000e+00
-2.465820312500000000e-02
1.167968750000000000e+00
5.537109375000000000e-01
-2.467041015625000000e-01
-3.503417968750000000e-02
-7.128906250000000000e-01
6.572265625000000000e-01
-8.496093750000000000e-01
1.239257812500000000e+00
-3.989257812500000000e-01
1.382812500000000000e+00
9.338378906250000000e-03
-1.160156250000000000e+00
2.739257812500000000e-01
9.291992187500000000e-01
9.649658203125000000e-02
-2.770996093750000000e-01
-2.551269531250000000e-02
-6.630859375000000000e-01
-1.069335937500000000e+00
2.060546875000000000e-01
1.184570312500000000e+00
-3.273925781250000000e-01
-4.013671875000000000e-01
2.583007812500000000e-01
4.095458984375000000e-02
5.898437500000000000e-01
-1.756591796875000000e-01
-6.845703125000000000e-01
-7.622070312500000000e-01
1.123046875000000000e+00
1.232421875000000000e+00
7.763671875000000000e-01
-1.534423828125000000e-01
-6.951904296875000000e-02
-5.976562500000000000e-01
8.896484375000000000e-01
-1.042968750000000000e+00
4.516601562500000000e-01
-6.699218750000000000e-01
1.583984375000000000e+00
8.056640625000000000e-01
3.090820312500000000e-01
-1.730957031250000000e-01
7.678222656250000000e-02
-9.726562500000000000e-01
6.591796875000000000e-01
-6.767578125000000000e-01
1.609375000000000000e+00
-7.158203125000000000e-01
1.759765625000000000e+00
1.499023437500000000e-01
-4.291992187500000000e-01
1.604003906250000000e-01
1.164062500000000000e+00
3.730468750000000000e-01
4.023437500000000000e-01
-4.282226562500000000e-01
1.355468750000000000e+00
8.489990234375000000e-02
4.946289062500000000e-01
-2.055664062500000000e-01
-8.500976562500000000e-01
2.915039062500000000e-01
9.160156250000000000e-01
1.052246093750000000e-01
-6.237792968750000000e-02
9.838867187500000000e-02
-5.791015625000000000e-01
2.103271484375000000e-01
-6.855468750000000000e-01
8.294677734375000000e-02
2.009277343750000000e-01
-4.377441406250000000e-01
-5.529785156250000000e-02
-6.561279296875000000e-02
1.541748046875000000e-01
-5.463867187500000000e-01
-7.309570312500000000e-01
-1.066894531250000000e-01
-3.486328125000000000e-01
3.940429687500000000e-01
3.317871093750000000e-01
-3.369140625000000000e-01
-4.531250000000000000e-01
-1.125976562500000000e+00
-5.175781250000000000e-02
-5.913085937500000000e-01
-7.470703125000000000e-01
-1.099609375000000000e+00
1.267578125000000000e+00
7.768554687500000000e-01
9.116210937500000000e-01
-5.424804687500000000e-01
-7.727050781250000000e-02
-4.614257812500000000e-01
5.805664062500000000e-01
-6.699218750000000000e-01
1.743164062500000000e+00
-6.064453125000000000e-01
1.775390625000000000e+00
5.468750000000000000e-02
-4.028320312500000000e-01
2.095947265625000000e-01
1.122070312500000000e+00
4.367675781250000000e-01
4.248046875000000000e-01
-5.009765625000000000e-01
1.568359375000000000e+00
3.132324218750000000e-01
4.482421875000000000e-01
-3.393554687500000000e-01
-9.711914062500000000e-01
4.458007812500000000e-01
8.378906250000000000e-01
1.888427734375000000e-01
-2.020263671875000000e-01
2.744140625000000000e-01
-8.544921875000000000e-01
1.168212890625000000e-01
-1.052734375000000000e+00
4.619140625000000000e-01
8.789062500000000000e-03
-3.837890625000000000e-01
-6.469726562500000000e-03
-1.453857421875000000e-01
9.082031250000000000e-02
-2.900390625000000000e-01
-1.176757812500000000e+00
-2.176513671875000000e-01
-1.484375000000000000e-01
6.718750000000000000e-01
7.128906250000000000e-01
-3.078613281250000000e-01
-1.159667968750000000e-01
-1.119140625000000000e+00
1.455078125000000000e-01
-4.997558593750000000e-01
1.061523437500000000e+00
-9.045410156250000000e-02
4.414062500000000000e-01
1.358642578125000000e-01
-9.570312500000000000e-01
-8.215332031250000000e-02
9.169921875000000000e-01
-1.876220703125000000e-01
-4.339599609375000000e-02
-2.655029296875000000e-02
-1.322265625000000000e+00
-6.621093750000000000e-01
-1.051757812500000000e+00
8.374023437500000000e-01
1.126708984375000000e-01
-5.966796875000000000e-01
3.693847656250000000e-01
-1.141357421875000000e-01
6.215820312500000000e-01
-5.175781250000000000e-01
-5.478515625000000000e-01
-2.807617187500000000e-01
7.646484375000000000e-01
4.423828125000000000e-01
6.953125000000000000e-01
-1.909179687500000000e-01
-2.270507812500000000e-01
-1.281250000000000000e+00
2.290039062500000000e-01
-1.257812500000000000e+00
9.716796875000000000e-02
-1.359375000000000000e+00
1.271484375000000000e+00
1.106445312500000000e+00
3.386230468750000000e-01
-4.941406250000000000e-01
3.420410156250000000e-01
-7.343750000000000000e-01
5.454101562500000000e-01
-6.040039062500000000e-01
1.843750000000000000e+00
-5.576171875000000000e-01
1.766601562500000000e+00
-7.910156250000000000e-02
-5.004882812500000000e-01
2.247314453125000000e-01
1.223632812500000000e+00
6.044921875000000000e-01
3.691406250000000000e-01
-6.894531250000000000e-01
1.714843750000000000e+00
4.377441406250000000e-01
7.387695312500000000e-01
-3.750000000000000000e-01
-9.824218750000000000e-01
2.673339843750000000e-01
6.132812500000000000e-01
-1.069335937500000000e-01
-4.614257812500000000e-01
1.123046875000000000e-02
-5.214843750000000000e-01
3.188476562500000000e-01
-3.041992187500000000e-01
-4.907226562500000000e-02
2.446289062500000000e-01
-4.682617187500000000e-01
-2.304687500000000000e-01
1.933593750000000000e-01
-9.350585937500000000e-02
-2.416992187500000000e-01
-8.037109375000000000e-01
-1.234130859375000000e-01
-3.759765625000000000e-02
5.576171875000000000e-01
7.480468750000000000e-01
-6.796875000000000000e-01
-9.130859375000000000e-01
-6.162109375000000000e-01
4.697265625000000000e-01
-1.312255859375000000e-01
-8.891601562500000000e-01
-6.162109375000000000e-01
1.236328125000000000e+00
6.503906250000000000e-01
1.117187500000000000e+00
-1.987304687500000000e-01
-5.405273437500000000e-01
-5.146484375000000000e-01
5.092773437500000000e-01
-6.044921875000000000e-01
1.963867187500000000e+00
-4.631347656250000000e-01
1.906250000000000000e+00
-2.744140625000000000e-01
-6.469726562500000000e-01
3.215332031250000000e-01
1.291992187500000000e+00
7.739257812500000000e-01
3.510742187500000000e-01
-4.536132812500000000e-01
1.532226562500000000e+00
5.610351562500000000e-01
3.730468750000000000e-01
-4.816894531250000000e-01
-1.200195312500000000e+00
3.193359375000000000e-01
8.017578125000000000e-01
2.700195312500000000e-01
-4.279785156250000000e-01
1.241455078125000000e-01
-9.731445312500000000e-01
5.781250000000000000e-01
-1.130859375000000000e+00
-2.385253906250000000e-01
5.922851562500000000e-01
-4.743652343750000000e-01
-6.347656250000000000e-01
6.079101562500000000e-02
-4.443359375000000000e-02
-4.028320312500000000e-01
-1.069335937500000000e+00
6.835937500000000000e-02
-1.810302734375000000e-01
3.684082031250000000e-01
5.488281250000000000e-01
-5.947265625000000000e-01
-8.320312500000000000e-01
-6.220703125000000000e-01
2.246093750000000000e-01
-5.488281250000000000e-01
1.046875000000000000e+00
1.525878906250000000e-02
-4.047851562500000000e-01
9.692382812500000000e-02
-6.899414062500000000e-01
3.664550781250000000e-01
6.933593750000000000e-01
-5.126953125000000000e-02
-3.303222656250000000e-01
2.388916015625000000e-01
-7.666015625000000000e-01
7.080078125000000000e-01
-7.905273437500000000e-01
-3.750000000000000000e-01
1.015625000000000000e+00
-6.372070312500000000e-02
-6.650390625000000000e-01
-4.079589843750000000e-01
-4.260253906250000000e-02
-1.364257812500000000e+00
-8.862304687500000000e-02
1.115722656250000000e-01
4.831542968750000000e-01
8.251953125000000000e-01
6.635742187500000000e-01
-5.488281250000000000e-01
-7.705078125000000000e-01
-8.090820312500000000e-01
1.314697265625000000e-01
-3.059082031250000000e-01
-5.175781250000000000e-01
-8.613281250000000000e-01
1.366210937500000000e+00
4.716796875000000000e-01
9.160156250000000000e-01
-4.133300781250000000e-01
2.089843750000000000e-01
-3.798828125000000000e-01
4.890136718750000000e-01
-5.532226562500000000e-01
2.025390625000000000e+00
-5.004882812500000000e-01
1.828125000000000000e+00
-3.566894531250000000e-01
-6.791992187500000000e-01
3.286132812500000000e-01
1.392578125000000000e+00
8.671875000000000000e-01
2.727050781250000000e-01
-4.846191406250000000e-01
1.269531250000000000e+00
-7.556152343750000000e-02
-2.329101562500000000e-01
-3.254394531250000000e-01
-1.292968750000000000e+00
5.239257812500000000e-01
1.011718750000000000e+00
3.828125000000000000e-01
-3.432617187500000000e-01
9.746093750000000000e-01
-1.228515625000000000e+00
-3.288574218750000000e-01
-1.200195312500000000e+00
-4.730224609375000000e-02
2.985839843750000000e-01
-2.396240234375000000e-01
-6.481933593750000000e-02
4.214477539062500000e-02
-1.171875000000000000e-01
-7.949218750000000000e-01
-1.257812500000000000e+00
-6.298828125000000000e-01
-3.168945312500000000e-01
1.375976562500000000e+00
4.335937500000000000e-01
-2.834472656250000000e-01
-5.019531250000000000e-01
-1.039062500000000000e+00
1.394042968750000000e-01
-7.294921875000000000e-01
-4.340820312500000000e-01
-7.802734375000000000e-01
7.338867187500000000e-01
1.016601562500000000e+00
9.570312500000000000e-01
-4.685058593750000000e-01
-4.501953125000000000e-01
-1.092773437500000000e+00
6.582031250000000000e-01
-4.912109375000000000e-01
2.087890625000000000e+00
-4.743652343750000000e-01
1.853515625000000000e+00
-4.326171875000000000e-01
-7.612304687500000000e-01
3.339843750000000000e-01
1.463867187500000000e+00
9.643554687500000000e-01
2.919921875000000000e-01
-2.465820312500000000e-01
1.531250000000000000e+00
1.491699218750000000e-01
-2.246093750000000000e-01
-4.582519531250000000e-01
-1.370117187500000000e+00
4.206542968750000000e-01
1.015625000000000000e+00
3.967285156250000000e-01
-3.183593750000000000e-01
8.320312500000000000e-01
-1.273437500000000000e+00
-6.213378906250000000e-02
-1.340820312500000000e+00
-2.238769531250000000e-01
1.345214843750000000e-01
-4.248046875000000000e-02
-2.561035156250000000e-01
1.044921875000000000e-01
-3.757324218750000000e-01
-3.005371093750000000e-01
-1.775390625000000000e+00
-1.827392578125000000e-01
-9.726562500000000000e-01
1.138671875000000000e+00
4.123535156250000000e-01
-1.752929687500000000e-01
-7.221679687500000000e-01
-7.866210937500000000e-01
9.252929687500000000e-02
-5.791015625000000000e-01
1.753906250000000000e+00
-7.879638671875000000e-02
6.420898437500000000e-01
-9.527587890625000000e-02
-9.208984375000000000e-01
5.200195312500000000e-02
3.500976562500000000e-01
1.584472656250000000e-01
-4.455566406250000000e-02
3.105468750000000000e-01
-1.964111328125000000e-01
8.554687500000000000e-01
-2.907714843750000000e-01
-7.402343750000000000e-01
3.359375000000000000e-01
6.474609375000000000e-01
-7.275390625000000000e-01
3.530273437500000000e-01
-3.273925781250000000e-01
-2.276611328125000000e-01
-1.493164062500000000e+00
-1.855468750000000000e-02
-7.739257812500000000e-02
6.386718750000000000e-01
2.734375000000000000e-01
-5.932617187500000000e-01
-5.126953125000000000e-01
-3.603515625000000000e-01
2.729492187500000000e-01
-2.443847656250000000e-01
-5.512695312500000000e-01
-9.086914062500000000e-01
9.638671875000000000e-01
8.593750000000000000e-01
8.925781250000000000e-01
-1.740722656250000000e-01
-6.066894531250000000e-02
-8.330078125000000000e-01
5.112304687500000000e-01
-7.456054687500000000e-01
2.023437500000000000e+00
-6.430664062500000000e-01
2.251953125000000000e+00
-5.532226562500000000e-01
-4.624023437500000000e-01
1.981201171875000000e-01
1.342773437500000000e+00
4.328613281250000000e-01
1.384277343750000000e-01
-8.237304687500000000e-01
1.776367187500000000e+00
-3.254394531250000000e-01
8.144531250000000000e-01
9.582519531250000000e-03
-7.431640625000000000e-01
-7.324218750000000000e-03
2.075195312500000000e-01
5.786132812500000000e-02
-1.086425781250000000e-02
-8.105468750000000000e-02
-1.052246093750000000e-01
5.927734375000000000e-01
0.000000000000000000e+00
-4.868164062500000000e-01
1.132812500000000000e+00
5.800781250000000000e-01
-1.257812500000000000e+00
-2.341308593750000000e-01
-5.517578125000000000e-01
-4.992675781250000000e-01
-5.317382812500000000e-01
1.015625000000000000e-01
5.156250000000000000e-01
4.860839843750000000e-01
7.636718750000000000e-01
-1.665039062500000000e-01
-8.051757812500000000e-01
-1.906738281250000000e-01
4.296875000000000000e-01
-6.791992187500000000e-01
-2.514648437500000000e-02
-3.256835937500000000e-01
1.781250000000000000e+00
7.177734375000000000e-01
1.118164062500000000e+00
-3.144531250000000000e-01
-6.774902343750000000e-02
-4.826660156250000000e-01
5.878906250000000000e-01
-7.211914062500000000e-01
2.042968750000000000e+00
-6.494140625000000000e-01
2.226562500000000000e+00
-5.927734375000000000e-01
-4.716796875000000000e-01
2.038574218750000000e-01
1.382812500000000000e+00
4.650878906250000000e-01
1.149902343750000000e-01
-8.242187500000000000e-01
1.980468750000000000e+00
-2.666015625000000000e-01
9.155273437500000000e-01
-3.159179687500000000e-01
-9.843750000000000000e-01
1.489257812500000000e-01
3.198242187500000000e-01
3.276367187500000000e-01
-1.164550781250000000e-01
2.148437500000000000e-01
-4.570312500000000000e-01
8.095703125000000000e-01
-1.114501953125000000e-01
-4.433593750000000000e-01
1.019531250000000000e+00
2.496337890625000000e-01
-1.275390625000000000e+00
7.690429687500000000e-02
-2.785644531250000000e-01
-3.405761718750000000e-01
-7.719726562500000000e-01
1.770019531250000000e-02
-1.184082031250000000e-01
3.779296875000000000e-01
5.693359375000000000e-01
-4.516601562500000000e-01
-7.275390625000000000e-01
-3.664550781250000000e-01
4.174804687500000000e-01
-7.509765625000000000e-01
1.506835937500000000e+00
-5.000000000000000000e-01
1.477539062500000000e+00
-1.721191406250000000e-02
-9.619140625000000000e-01
4.067382812500000000e-01
7.470703125000000000e-01
6.171875000000000000e-01
3.081054687500000000e-01
-2.320556640625000000e-01
-5.522460937500000000e-01
-5.212402343750000000e-02
-5.639648437500000000e-02
3.393554687500000000e-01
-2.127685546875000000e-01
-3.750000000000000000e-01
-2.263183593750000000e-01
-2.556152343750000000e-01
2.695312500000000000e-01
-1.181640625000000000e-01
-6.567382812500000000e-01
-5.878906250000000000e-01
2.756347656250000000e-01
5.532226562500000000e-01
5.507812500000000000e-01
-2.109375000000000000e-01
-3.808593750000000000e-01
-5.405273437500000000e-01
4.843750000000000000e-01
-6.674804687500000000e-01
-3.417968750000000000e-02
-3.955078125000000000e-01
1.738281250000000000e+00
4.531250000000000000e-01
8.066406250000000000e-01
9.338378906250000000e-03
-2.773437500000000000e-01
-4.746093750000000000e-01
4.248046875000000000e-01
-5.483398437500000000e-01
2.105468750000000000e+00
-1.165039062500000000e+00
2.285156250000000000e+00
3.027343750000000000e-02
-8.896484375000000000e-01
2.131347656250000000e-01
1.468750000000000000e+00
2.167968750000000000e-01
2.036132812500000000e-01
-4.033203125000000000e-01
1.180664062500000000e+00
-5.195312500000000000e-01
1.370117187500000000e+00
2.385253906250000000e-01
-1.221679687500000000e+00
5.615234375000000000e-01
1.013671875000000000e+00
6.289062500000000000e-01
1.945800781250000000e-01
2.619628906250000000e-01
-4.719238281250000000e-01
-1.805419921875000000e-01
-3.579101562500000000e-01
6.914062500000000000e-01
-6.313476562500000000e-01
-1.547851562500000000e-01
3.479003906250000000e-03
-2.504882812500000000e-01
3.022460937500000000e-01
2.081298828125000000e-01
-1.250000000000000000e+00
-5.766601562500000000e-01
-2.956542968750000000e-01
1.012695312500000000e+00
3.027343750000000000e-01
5.969238281250000000e-02
-8.471679687500000000e-02
-9.501953125000000000e-01
3.271484375000000000e-01
-8.012695312500000000e-01
-2.153320312500000000e-01
-9.262695312500000000e-01
1.132812500000000000e+00
9.570312500000000000e-01
5.341796875000000000e-01
-4.038085937500000000e-01
4.638671875000000000e-03
-1.031250000000000000e+00
7.080078125000000000e-01
-4.675292968750000000e-01
2.164062500000000000e+00
-1.205078125000000000e+00
2.158203125000000000e+00
2.392578125000000000e-02
-9.150390625000000000e-01
2.651367187500000000e-01
1.525390625000000000e+00
2.927246093750000000e-01
2.353515625000000000e-01
-3.247070312500000000e-01
1.256835937500000000e+00
-5.156250000000000000e-01
1.193359375000000000e+00
1.285400390625000000e-01
-1.222656250000000000e+00
7.148437500000000000e-01
1.043945312500000000e+00
5.952148437500000000e-01
6.945800781250000000e-02
6.713867187500000000e-02
-6.289062500000000000e-01
-4.155273437500000000e-01
-2.944335937500000000e-01
7.500000000000000000e-01
-5.913085937500000000e-01
-2.565917968750000000e-01
6.469726562500000000e-03
-6.269531250000000000e-01
9.399414062500000000e-02
3.344726562500000000e-02
-1.318359375000000000e+00
-1.083984375000000000e+00
-7.336425781250000000e-02
1.402343750000000000e+00
4.816894531250000000e-01
-2.216796875000000000e-01
-1.314697265625000000e-01
-6.093750000000000000e-01
7.626953125000000000e-01
-9.062500000000000000e-01
1.248046875000000000e+00
-3.825683593750000000e-01
1.537109375000000000e+00
1.652526855468750000e-02
-1.060546875000000000e+00
2.058105468750000000e-01
8.544921875000000000e-01
-1.251220703125000000e-02
-2.700195312500000000e-01
-2.153320312500000000e-01
-5.795898437500000000e-01
-1.200195312500000000e+00
4.077148437500000000e-01
1.202148437500000000e+00
-3.247070312500000000e-01
-4.838867187500000000e-01
2.561035156250000000e-01
1.806640625000000000e-02
6.445312500000000000e-01
-1.564941406250000000e-01
-5.488281250000000000e-01
-8.002929687500000000e-01
1.403320312500000000e+00
1.162109375000000000e+00
8.144531250000000000e-01
-1.257324218750000000e-01
-1.108398437500000000e-01
-4.626464843750000000e-01
9.619140625000000000e-01
-1.050781250000000000e+00
5.903320312500000000e-01
-6.005859375000000000e-01
1.699218750000000000e+00
7.480468750000000000e-01
2.639160156250000000e-01
-6.927490234375000000e-02
9.130859375000000000e-02
-9.291992187500000000e-01
6.147460937500000000e-01
-6.889648437500000000e-01
1.595703125000000000e+00
-7.299804687500000000e-01
1.775390625000000000e+00
1.684570312500000000e-01
-4.130859375000000000e-01
1.607666015625000000e-01
1.144531250000000000e+00
3.281250000000000000e-01
3.979492187500000000e-01
-4.565429687500000000e-01
1.345703125000000000e+00
5.645751953125000000e-02
5.625000000000000000e-01
-1.795654296875000000e-01
-7.900390625000000000e-01
2.871093750000000000e-01
8.759765625000000000e-01
7.434082031250000000e-02
-6.262207031250000000e-02
5.667114257812500000e-02
-4.809570312500000000e-01
2.043457031250000000e-01
-6.499023437500000000e-01
8.386230468750000000e-02
1.809082031250000000e-01
-3.942871093750000000e-01
-4.650878906250000000e-02
-5.706787109375000000e-02
1.453857421875000000e-01
-5.488281250000000000e-01
-6.777343750000000000e-01
-8.062744140625000000e-02
-2.783203125000000000e-01
3.776855468750000000e-01
3.515625000000000000e-01
-3.112792968750000000e-01
-4.531250000000000000e-01
-1.122070312500000000e+00
-6.030273437500000000e-02
-6.015625000000000000e-01
-7.377929687500000000e-01
-1.103515625000000000e+00
1.248046875000000000e+00
7.968750000000000000e-01
9.121093750000000000e-01
-5.493164062500000000e-01
-7.165527343750000000e-02
-4.702148437500000000e-01
5.771484375000000000e-01
-6.962890625000000000e-01
1.720703125000000000e+00
-6.059570312500000000e-01
1.812500000000000000e+00
5.126953125000000000e-02
-4.023437500000000000e-01
2.281494140625000000e-01
1.107421875000000000e+00
4.086914062500000000e-01
4.145507812500000000e-01
-4.929199218750000000e-01
1.552734375000000000e+00
2.817382812500000000e-01
4.882812500000000000e-01
-3.020019531250000000e-01
-9.199218750000000000e-01
4.226074218750000000e-01
8.027343750000000000e-01
1.831054687500000000e-01
-1.727294921875000000e-01
3.024902343750000000e-01
-7.998046875000000000e-01
2.722167968750000000e-02
-1.050781250000000000e+00
4.833984375000000000e-01
-9.637451171875000000e-02
-3.305664062500000000e-01
9.448242187500000000e-02
-1.389160156250000000e-01
6.542968750000000000e-02
-2.536621093750000000e-01
-1.259765625000000000e+00
-2.719726562500000000e-01
-1.474609375000000000e-01
7.070312500000000000e-01
6.845703125000000000e-01
-2.819824218750000000e-01
-3.173828125000000000e-02
-1.090820312500000000e+00
1.523437500000000000e-01
-5.166015625000000000e-01
1.015625000000000000e+00
-2.685546875000000000e-01
4.804687500000000000e-01
2.406005859375000000e-01
-9.833984375000000000e-01
-9.448242187500000000e-02
9.570312500000000000e-01
-2.038574218750000000e-01
-2.978515625000000000e-02
3.161621093750000000e-02
-1.398437500000000000e+00
-8.842773437500000000e-01
-9.794921875000000000e-01
1.044921875000000000e+00
-4.638671875000000000e-03
-5.209960937500000000e-01
5.488281250000000000e-01
-9.930419921875000000e-02
6.943359375000000000e-01
-5.859375000000000000e-01
-4.458007812500000000e-01
-3.671875000000000000e-01
8.759765625000000000e-01
6.123046875000000000e-01
6.894531250000000000e-01
-1.411132812500000000e-01
-8.581542968750000000e-02
-1.431640625000000000e+00
2.773437500000000000e-01
-1.388671875000000000e+00
2.387695312500000000e-01
-1.449218750000000000e+00
1.213867187500000000e+00
1.196289062500000000e+00
1.999511718750000000e-01
-5.302734375000000000e-01
4.377441406250000000e-01
-8.525390625000000000e-01
5.795898437500000000e-01
-6.254882812500000000e-01
1.820312500000000000e+00
-5.815429687500000000e-01
1.781250000000000000e+00
-4.882812500000000000e-02
-4.638671875000000000e-01
2.205810546875000000e-01
1.190429687500000000e+00
5.356445312500000000e-01
3.798828125000000000e-01
-6.875000000000000000e-01
1.702148437500000000e+00
3.852539062500000000e-01
8.403320312500000000e-01
-3.547363281250000000e-01
-9.287109375000000000e-01
2.443847656250000000e-01
6.015625000000000000e-01
-1.422119140625000000e-01
-4.472656250000000000e-01
-5.297851562500000000e-02
-3.959960937500000000e-01
2.634277343750000000e-01
-2.288818359375000000e-01
-5.700683593750000000e-02
1.936035156250000000e-01
-4.506835937500000000e-01
-1.976318359375000000e-01
2.279052734375000000e-01
-6.542968750000000000e-02
-2.570800781250000000e-01
-7.573242187500000000e-01
-1.066894531250000000e-01
1.904296875000000000e-02
5.537109375000000000e-01
6.962890625000000000e-01
-6.328125000000000000e-01
-9.111328125000000000e-01
-6.176757812500000000e-01
4.580078125000000000e-01
-1.225585937500000000e-01
-8.847656250000000000e-01
-6.152343750000000000e-01
1.214843750000000000e+00
6.406250000000000000e-01
1.125000000000000000e+00
-2.041015625000000000e-01
-5.200195312500000000e-01
-5.195312500000000000e-01
5.048828125000000000e-01
-6.162109375000000000e-01
1.941406250000000000e+00
-4.880371093750000000e-01
1.918945312500000000e+00
-2.377929687500000000e-01
-6.069335937500000000e-01
3.071289062500000000e-01
1.257812500000000000e+00
6.992187500000000000e-01
3.752441406250000000e-01
-4.978027343750000000e-01
1.568359375000000000e+00
4.746093750000000000e-01
4.760742187500000000e-01
-4.638671875000000000e-01
-1.119140625000000000e+00
3.041992187500000000e-01
7.695312500000000000e-01
2.467041015625000000e-01
-3.728027343750000000e-01
8.435058593750000000e-02
-9.062500000000000000e-01
6.225585937500000000e-01
-1.109375000000000000e+00
-2.056884765625000000e-01
5.468750000000000000e-01
-4.462890625000000000e-01
-5.991210937500000000e-01
4.833984375000000000e-02
-5.029296875000000000e-02
-4.555664062500000000e-01
-9.199218750000000000e-01
1.414794921875000000e-01
-1.959228515625000000e-01
2.695312500000000000e-01
5.644531250000000000e-01
-5.996093750000000000e-01
-8.017578125000000000e-01
-6.840820312500000000e-01
1.962890625000000000e-01
-5.659179687500000000e-01
9.423828125000000000e-01
-5.133056640625000000e-02
-4.472656250000000000e-01
2.229003906250000000e-01
-5.166015625000000000e-01
3.251953125000000000e-01
6.289062500000000000e-01
-1.281738281250000000e-01
-2.905273437500000000e-01
1.953125000000000000e-01
-5.874023437500000000e-01
8.701171875000000000e-01
-8.725585937500000000e-01
-4.924316406250000000e-01
1.103515625000000000e+00
8.032226562500000000e-02
-7.070312500000000000e-01
-4.262695312500000000e-01
-3.912353515625000000e-02
-1.505859375000000000e+00
7.885742187500000000e-02
2.924804687500000000e-01
5.610351562500000000e-01
6.875000000000000000e-01
6.279296875000000000e-01
-5.263671875000000000e-01
-7.246093750000000000e-01
-8.740234375000000000e-01
-7.629394531250000000e-03
-3.271484375000000000e-01
-5.825195312500000000e-01
-9.873046875000000000e-01
1.330078125000000000e+00
5.068359375000000000e-01
9.394531250000000000e-01
-5.058593750000000000e-01
3.200683593750000000e-01
-3.146972656250000000e-01
4.790039062500000000e-01
-5.874023437500000000e-01
1.999023437500000000e+00
-5.234375000000000000e-01
1.864257812500000000e+00
-3.061523437500000000e-01
-6.494140625000000000e-01
3.276367187500000000e-01
1.344726562500000000e+00
7.822265625000000000e-01
2.800292968750000000e-01
-4.589843750000000000e-01
1.236328125000000000e+00
-2.138671875000000000e-01
-2.543945312500000000e-01
-2.434082031250000000e-01
-1.150390625000000000e+00
5.390625000000000000e-01
1.012695312500000000e+00
3.134765625000000000e-01
-2.868652343750000000e-01
1.064453125000000000e+00
-1.097656250000000000e+00
-3.051757812500000000e-01
-1.182617187500000000e+00
-1.678466796875000000e-01
2.253417968750000000e-01
-6.658935546875000000e-02
2.874755859375000000e-02
4.519653320312500000e-02
-2.332763671875000000e-01
-8.818359375000000000e-01
-1.155273437500000000e+00
-5.126953125000000000e-01
-4.836425781250000000e-01
1.347656250000000000e+00
3.684082031250000000e-01
-1.809082031250000000e-01
-5.541992187500000000e-01
-1.122070312500000000e+00
-2.478027343750000000e-02
-7.031250000000000000e-01
-5.927734375000000000e-01
-8.740234375000000000e-01
5.986328125000000000e-01
1.113281250000000000e+00
9.794921875000000000e-01
-5.400390625000000000e-01
-4.648437500000000000e-01
-1.125976562500000000e+00
6.713867187500000000e-01
-5.273437500000000000e-01
2.058593750000000000e+00
-4.995117187500000000e-01
1.875000000000000000e+00
-3.759765625000000000e-01
-7.343750000000000000e-01
3.425292968750000000e-01
1.415039062500000000e+00
8.852539062500000000e-01
2.939453125000000000e-01
-2.666015625000000000e-01
1.488281250000000000e+00
5.981445312500000000e-02
-1.782226562500000000e-01
-4.323730468750000000e-01
-1.278320312500000000e+00
5.097656250000000000e-01
1.024414062500000000e+00
3.669433593750000000e-01
-3.100585937500000000e-01
9.858398437500000000e-01
-1.121093750000000000e+00
-2.575683593750000000e-02
-1.417968750000000000e+00
-3.195800781250000000e-01
4.785156250000000000e-02
1.080322265625000000e-01
-1.435546875000000000e-01
1.657714843750000000e-01
-4.589843750000000000e-01
-3.505859375000000000e-01
-1.725585937500000000e+00
-8.471679687500000000e-02
-1.101562500000000000e+00
1.079101562500000000e+00
3.732910156250000000e-01
-9.405517578125000000e-02
-7.504882812500000000e-01
-8.696289062500000000e-01
-8.020019531250000000e-02
