-1.226394176483154297e+00
-8.000389933586120605e-01
-6.765755414962768555e-01
-2.190664038062095642e-02
5.698743276298046112e-03
5.724962800741195679e-02
4.496060311794281006e-02
1.381085216999053955e-01
4.143789410591125488e-03
-2.572763264179229736e-01
-5.729808807373046875e-01
-1.050035238265991211e+00
-1.226394176483154297e+00
-1.226394176483154297e+00
-8.432184457778930664e-01
-7.380003333091735840e-01
-1.177531480789184570e-01
-1.185746341943740845e-01
-9.961700439453125000e-02
-2.672033905982971191e-01
-3.693460226058959961e-01
-4.514280557632446289e-01
-6.487340927124023438e-01
-7.910786867141723633e-01
-1.171918749809265137e+00
-1.226394176483154297e+00
-1.226394176483154297e+00
-7.953149676322937012e-01
-7.026985883712768555e-01
-7.932099699974060059e-02
-1.704075559973716736e-02
-1.009209081530570984e-01
1.333992630243301392e-01
1.779781132936477661e-01
-3.561165928840637207e-01
-4.381755292415618896e-01
-6.891314983367919922e-01
-1.179331064224243164e+00
-1.226394176483154297e+00
-1.226394176483154297e+00
-7.883210778236389160e-01
-6.332856416702270508e-01
8.898068964481353760e-02
1.052883863449096680e-01
1.151542812585830688e-01
3.180785104632377625e-03
-5.200360417366027832e-01
-5.971384644508361816e-01
-7.415035367012023926e-01
-8.428000211715698242e-01
-6.669918298721313477e-01
-1.226394176483154297e+00
-1.226394176483154297e+00
-7.290832400321960449e-01
-6.689610481262207031e-01
4.342284798622131348e-02
2.458391189575195312e-01
-9.590241312980651855e-02
-2.218360006809234619e-01
-2.653111219406127930e-01
-1.831036061048507690e-01
-3.807065486907958984e-01
-6.784777641296386719e-01
-9.374209642410278320e-01
-1.226394176483154297e+00
-1.226394176483154297e+00
-7.342193126678466797e-01
-5.305991172790527344e-01
3.894090652465820312e-01
1.644974350929260254e-01
3.443077504634857178e-01
5.974174737930297852e-01
-3.404426574707031250e-02
-1.663148552179336548e-01
-2.210717648267745972e-01
-7.191047668457031250e-01
-1.053733587265014648e+00
-1.226394176483154297e+00
-1.226394176483154297e+00
-6.745057702064514160e-01
-5.468138456344604492e-01
3.653503358364105225e-01
4.554904699325561523e-01
4.169883131980895996e-01
3.527020663022994995e-02
-1.533255428075790405e-01
-6.350085139274597168e-02
-8.398340642452239990e-02
-4.823916256427764893e-01
-4.400229156017303467e-01
-1.226394176483154297e+00
-1.226394176483154297e+00
-6.401757001876831055e-01
-4.449611902236938477e-01
4.838527441024780273e-01
5.197845697402954102e-01
3.726288676261901855e-01
2.592411041259765625e-01
1.252108812332153320e-01
4.703346490859985352e-01
6.047071218490600586e-01
-5.063602328300476074e-02
-2.649753689765930176e-01
-1.226394176483154297e+00
-1.226394176483154297e+00
-5.912505984306335449e-01
-3.654771447181701660e-01
5.965119004249572754e-01
7.021368741989135742e-01
5.259341597557067871e-01
4.926647245883941650e-01
4.158066213130950928e-01
1.336454600095748901e-01
-1.026632711291313171e-01
-4.135602712631225586e-02
-2.395458221435546875e-01
-1.226394176483154297e+00
-1.226394176483154297e+00
-5.680661797523498535e-01
-3.545188605785369873e-01
7.162984609603881836e-01
7.498333454132080078e-01
5.523808002471923828e-01
6.421738862991333008e-01
-9.900471568107604980e-02
-1.273889541625976562e-01
2.767014503479003906e-01
-5.712114572525024414e-01
-4.256563186645507812e-01
-1.226394176483154297e+00
-1.226394176483154297e+00
-5.027126073837280273e-01
-3.046816587448120117e-01
7.997025251388549805e-01
5.928392410278320312e-01
6.197637319564819336e-01
5.010716319084167480e-01
1.859334409236907959e-01
1.272671669721603394e-02
2.821344733238220215e-01
-5.772804617881774902e-01
-6.509765386581420898e-01
-1.226394176483154297e+00
-1.226394176483154297e+00
-4.656474590301513672e-01
-2.675448358058929443e-01
8.948119878768920898e-01
5.847971439361572266e-01
7.773733139038085938e-01
3.184376358985900879e-01
6.620939373970031738e-01
5.284364819526672363e-01
2.627154588699340820e-01
-2.804132699966430664e-01
-8.117685317993164062e-01
-1.226394176483154297e+00
-1.226394176483154297e+00
-4.318635463714599609e-01
-2.138819545507431030e-01
9.744752049446105957e-01
4.622676968574523926e-01
8.822079300880432129e-01
2.156097888946533203e-01
8.908157348632812500e-01
6.534267663955688477e-01
2.631049752235412598e-01
-1.113596558570861816e-02
-6.467900276184082031e-01
-1.226394176483154297e+00
1.008784770965576172e+00
1.690014004707336426e+00
1.405818104743957520e+00
6.692259013652801514e-02
2.429202049970626831e-01
2.074051797389984131e-01
1.142766550183296204e-01
-1.427394524216651917e-02
9.443491697311401367e-02
1.417746245861053467e-01
-2.474760711193084717e-01
7.946323156356811523e-01
1.008784770965576172e+00
1.008784770965576172e+00
1.624730229377746582e+00
1.354761958122253418e+00
6.449699401855468750e-03
1.551461517810821533e-01
2.646302282810211182e-01
-2.659942209720611572e-01
-1.353740394115447998e-01
5.860143899917602539e-01
1.868355870246887207e-01
3.066733181476593018e-01
9.644131660461425781e-01
1.008784770965576172e+00
1.008784770965576172e+00
1.641875743865966797e+00
1.354660749435424805e+00
-5.625199899077415466e-02
1.386500149965286255e-01
1.016831696033477783e-01
-2.235738635063171387e-01
-2.564755976200103760e-01
1.730965375900268555e-01
-4.623279348015785217e-02
-1.066634356975555420e-01
4.203043282032012939e-01
1.008784770965576172e+00
1.008784770965576172e+00
1.662041068077087402e+00
1.451195120811462402e+00
-1.169989109039306641e-01
-4.183675721287727356e-02
-1.519744098186492920e-01
-8.394251465797424316e-01
-5.272734910249710083e-02
4.278403520584106445e-02
1.476367264986038208e-01
3.517360687255859375e-01
1.160397306084632874e-01
1.008784770965576172e+00
1.008784770965576172e+00
1.744255185127258301e+00
1.378133058547973633e+00
-1.334141939878463745e-02
-3.160369396209716797e-02
-5.919259786605834961e-01
-1.932389140129089355e-01
4.282730817794799805e-01
2.671703100204467773e-01
5.250409841537475586e-01
4.270815849304199219e-02
5.590262413024902344e-01
1.008784770965576172e+00
1.008784770965576172e+00
1.733764171600341797e+00
1.611484527587890625e+00
-3.330536484718322754e-01
-1.545401811599731445e-01
-5.516570806503295898e-01
-7.907246947288513184e-01
-3.347739577293395996e-01
-3.083889782428741455e-01
-1.706356108188629150e-01
-3.168301880359649658e-01
2.227419614791870117e-02
1.008784770965576172e+00
1.008784770965576172e+00
1.829281330108642578e+00
1.422425627708435059e+00
-1.848564743995666504e-01
-3.857733607292175293e-01
-1.219692826271057129e+00
-5.709564089775085449e-01
-3.644974827766418457e-01
-4.956065118312835693e-01
-4.316486716270446777e-01
-6.754054427146911621e-01
-8.410865068435668945e-01
1.008784770965576172e+00
1.008784770965576172e+00
1.877485990524291992e+00
1.586381196975708008e+00
-3.103290498256683350e-01
-7.451716065406799316e-01
-7.042371630668640137e-01
-4.018569588661193848e-01
-2.162486612796783447e-01
-4.716016352176666260e-02
2.322904765605926514e-02
-1.352992773056030273e+00
-1.032899618148803711e+00
1.008784770965576172e+00
1.008784770965576172e+00
1.942052721977233887e+00
1.668019771575927734e+00
-4.934289157390594482e-01
-6.423984766006469727e-01
-7.260003685951232910e-01
-9.614523649215698242e-01
-1.657830923795700073e-01
-2.227060645818710327e-01
2.943519055843353271e-01
-8.163101673126220703e-01
-8.444044589996337891e-01
1.008784770965576172e+00
1.008784770965576172e+00
1.977981686592102051e+00
1.711186289787292480e+00
-6.399858593940734863e-01
-6.948961019515991211e-01
-1.166613340377807617e+00
-1.172588706016540527e+00
-3.501490652561187744e-01
7.284459471702575684e-02
-8.134342432022094727e-01
-5.140634179115295410e-01
-3.751403093338012695e-01
1.008784770965576172e+00
1.008784770965576172e+00
2.081421613693237305e+00
1.712019920349121094e+00
-7.521108388900756836e-01
-8.420352935791015625e-01
-1.039844512939453125e+00
-4.311956763267517090e-01
-1.436201632022857666e-01
-9.746268391609191895e-01
-3.849135339260101318e-01
-8.164913654327392578e-01
-1.880670785903930664e-01
1.008784770965576172e+00
1.008784770965576172e+00
2.138657331466674805e+00
1.712961792945861816e+00
-8.214929699897766113e-01
-9.149299860000610352e-01
-1.156356692314147949e+00
7.480137944221496582e-01
-5.785238742828369141e-01
-8.327750563621520996e-01
-7.158769369125366211e-01
-9.555381536483764648e-01
-2.402266263961791992e-01
1.008784770965576172e+00
1.008784770965576172e+00
2.186655521392822266e+00
1.735239505767822266e+00
-8.963360786437988281e-01
-1.529209613800048828e+00
-7.946938276290893555e-01
6.790902018547058105e-01
-9.058376550674438477e-01
-7.852151989936828613e-01
-4.624307155609130859e-01
-1.100292921066284180e+00
-4.679160118103027344e-01
1.008784770965576172e+00
-1.065204977989196777e+00
-8.645868301391601562e-01
-4.535166323184967041e-01
-2.435592859983444214e-01
-2.802811264991760254e-01
-1.659192442893981934e-01
-1.947951167821884155e-01
-3.434120416641235352e-01
-4.296102821826934814e-01
-7.602813243865966797e-01
-8.881503939628601074e-01
-7.511646747589111328e-01
-1.065204977989196777e+00
-1.065204977989196777e+00
-8.127442002296447754e-01
-2.970338165760040283e-01
-7.279171049594879150e-02
-3.906310349702835083e-02
6.890761852264404297e-02
-1.483199000358581543e-01
-4.687137305736541748e-01
-2.891702651977539062e-01
-5.533977746963500977e-01
-8.251330256462097168e-01
-1.043155670166015625e+00
-1.065204977989196777e+00
-1.065204977989196777e+00
-7.975232005119323730e-01
-2.243667095899581909e-01
-6.723783444613218307e-03
8.912213146686553955e-02
7.961509376764297485e-02
-4.092174470424652100e-01
-2.346087396144866943e-01
-4.388611912727355957e-01
-4.281438589096069336e-01
-6.037332415580749512e-01
-1.464334130287170410e+00
-1.065204977989196777e+00
-1.065204977989196777e+00
-7.637752294540405273e-01
-1.786397546529769897e-01
2.563040852546691895e-01
1.599112451076507568e-01
3.383778035640716553e-03
3.501754701137542725e-01
4.506932497024536133e-01
-1.247484013438224792e-01
3.244812041521072388e-02
-3.317418098449707031e-01
-8.435525298118591309e-01
-1.065204977989196777e+00
-1.065204977989196777e+00
-7.777079343795776367e-01
-4.731050878763198853e-02
1.803579628467559814e-01
4.811901748180389404e-01
2.041615545749664307e-01
-3.647069334983825684e-01
-4.452482461929321289e-01
-5.775451660156250000e-01
-8.516705632209777832e-01
-7.635835409164428711e-01
-6.790866255760192871e-01
-1.065204977989196777e+00
-1.065204977989196777e+00
-6.932716369628906250e-01
-1.500990986824035645e-01
2.046578526496887207e-01
3.220963478088378906e-01
-2.306610643863677979e-01
-2.613084912300109863e-01
-3.125314116477966309e-01
-2.696112394332885742e-01
-4.292662143707275391e-01
-6.412294507026672363e-01
-1.437820911407470703e+00
-1.065204977989196777e+00
-1.065204977989196777e+00
-7.192753553390502930e-01
1.116560250520706177e-01
5.771714448928833008e-01
2.449794113636016846e-01
6.974284648895263672e-01
1.014134407043457031e+00
7.081606984138488770e-01
8.072667717933654785e-01
7.975090146064758301e-01
-1.162109524011611938e-02
-1.120864033699035645e+00
-1.065204977989196777e+00
-1.065204977989196777e+00
-7.021095156669616699e-01
1.352455019950866699e-01
5.766192078590393066e-01
6.835221648216247559e-01
7.353577017784118652e-01
1.897015124559402466e-01
2.166178226470947266e-01
3.207388222217559814e-01
8.920645117759704590e-01
1.303543299436569214e-01
-7.227484583854675293e-01
-1.065204977989196777e+00
-1.065204977989196777e+00
-6.689295768737792969e-01
2.002033293247222900e-01
5.409828424453735352e-01
6.688985824584960938e-01
3.496125340461730957e-01
-4.004369974136352539e-01
-3.087536990642547607e-01
1.626101434230804443e-01
-2.893572449684143066e-01
2.857546806335449219e-01
-5.334116816520690918e-01
-1.065204977989196777e+00
-1.065204977989196777e+00
-6.201030611991882324e-01
2.753086090087890625e-01
6.284310817718505859e-01
7.012392282485961914e-01
3.669038414955139160e-01
1.460663676261901855e-01
3.810111880302429199e-01
-1.681132763624191284e-01
-6.428500413894653320e-01
-5.948669910430908203e-01
-4.880434870719909668e-01
-1.065204977989196777e+00
-1.065204977989196777e+00
-6.263170838356018066e-01
2.931707203388214111e-01
7.416246533393859863e-01
5.873854756355285645e-01
1.540046036243438721e-01
1.150844216346740723e+00
3.013682365417480469e-01
1.539601683616638184e-01
3.621157407760620117e-01
-6.254937648773193359e-01
-8.302335143089294434e-01
-1.065204977989196777e+00
-1.065204977989196777e+00
-6.083319783210754395e-01
3.328302204608917236e-01
8.149638772010803223e-01
2.708804607391357422e-01
9.302642941474914551e-02
9.898178577423095703e-01
3.144010901451110840e-01
3.889767527580261230e-01
5.434093475341796875e-01
-2.981893122196197510e-01
-9.690413475036621094e-01
-1.065204977989196777e+00
-1.065204977989196777e+00
-5.809588432312011719e-01
4.306935966014862061e-01
8.979328870773315430e-01
5.516370534896850586e-01
3.475400805473327637e-01
5.200299620628356934e-01
5.574150085449218750e-01
6.727790236473083496e-01
6.307296752929687500e-01
-9.266369044780731201e-03
-8.834230899810791016e-01
-1.065204977989196777e+00
2.128235101699829102e+00
2.067189455032348633e+00
1.164903283119201660e+00
2.837553918361663818e-01
3.108389079570770264e-01
1.674959808588027954e-01
4.106516018509864807e-02
2.733764648437500000e-01
4.609453082084655762e-01
6.894013285636901855e-01
1.083942651748657227e+00
1.612474679946899414e+00
2.128235101699829102e+00
2.128235101699829102e+00
2.027599096298217773e+00
1.049464344978332520e+00
1.934186220169067383e-01
1.906441450119018555e-01
1.011361554265022278e-01
2.120793461799621582e-01
6.046558022499084473e-01
1.265268921852111816e+00
1.234329462051391602e+00
1.516240119934082031e+00
2.048634529113769531e+00
2.128235101699829102e+00
2.128235101699829102e+00
1.995262861251831055e+00
9.585466384887695312e-01
3.373610600829124451e-02
6.346730887889862061e-02
-5.495414137840270996e-03
-6.185552105307579041e-02
3.473278582096099854e-01
2.070553600788116455e-01
6.886662542819976807e-02
6.986752152442932129e-01
1.507235288619995117e+00
2.128235101699829102e+00
2.128235101699829102e+00
1.997335672378540039e+00
8.378121256828308105e-01
-2.300969809293746948e-01
-2.927721142768859863e-01
-3.535298109054565430e-01
-5.091842412948608398e-01
-1.685361117124557495e-01
6.639900803565979004e-01
9.185865521430969238e-01
1.235574245452880859e+00
2.007522106170654297e+00
2.128235101699829102e+00
2.128235101699829102e+00
1.982947587966918945e+00
8.527182340621948242e-01
-3.587971627712249756e-01
-3.198555707931518555e-01
-2.728128433227539062e-01
3.814238309860229492e-01
1.220375299453735352e+00
1.325981616973876953e+00
1.356829047203063965e+00
1.154630184173583984e+00
1.522288084030151367e+00
2.128235101699829102e+00
2.128235101699829102e+00
1.935078620910644531e+00
7.364921569824218750e-01
-4.261808395385742188e-01
-6.974221467971801758e-01
-5.513068437576293945e-01
-1.680363863706588745e-01
-3.520336747169494629e-01
-3.859597146511077881e-01
-1.826106011867523193e-01
3.546918630599975586e-01
1.281142234802246094e+00
2.128235101699829102e+00
2.128235101699829102e+00
1.951119661331176758e+00
4.599941372871398926e-01
-7.651329040527343750e-01
-8.089677095413208008e-01
-1.245832681655883789e+00
-1.257457613945007324e+00
-7.436453104019165039e-01
-6.450355052947998047e-01
-5.947476625442504883e-01
-2.021342515945434570e-02
1.278722882270812988e+00
2.128235101699829102e+00
2.128235101699829102e+00
1.940959811210632324e+00
4.514967203140258789e-01
-9.885681271553039551e-01
-1.204950571060180664e+00
-1.048285245895385742e+00
-3.837222754955291748e-01
5.671153217554092407e-02
-1.468110084533691406e-01
-4.402557015419006348e-01
-7.730851769447326660e-01
5.971032381057739258e-01
2.128235101699829102e+00
2.128235101699829102e+00
1.905239343643188477e+00
3.633194267749786377e-01
-1.162442445755004883e+00
-1.301347851753234863e+00
-9.264311790466308594e-01
-3.899985551834106445e-01
-2.662803232669830322e-02
2.074203491210937500e-01
-2.358168959617614746e-01
-6.906980276107788086e-02
8.027507662773132324e-01
2.128235101699829102e+00
2.128235101699829102e+00
1.875256299972534180e+00
2.394740283489227295e-01
-1.268789172172546387e+00
-1.363329529762268066e+00
-1.397483944892883301e+00
-9.649136066436767578e-01
-7.159417867660522461e-01
-3.241262733936309814e-01
4.834721684455871582e-01
-2.630013227462768555e-02
1.003069877624511719e+00
2.128235101699829102e+00
2.128235101699829102e+00
1.905867457389831543e+00
1.549289375543594360e-01
-1.431999564170837402e+00
-1.159274578094482422e+00
-1.254753947257995605e+00
-1.024127006530761719e+00
-8.705675601959228516e-01
-9.374226927757263184e-01
-1.902171075344085693e-01
4.703319668769836426e-01
1.086592435836791992e+00
2.128235101699829102e+00
2.128235101699829102e+00
1.909708380699157715e+00
8.332559466361999512e-02
-1.590129613876342773e+00
-1.090670108795166016e+00
-7.637310624122619629e-01
-8.491905927658081055e-01
-1.146673202514648438e+00
-1.156106829643249512e+00
-9.101504087448120117e-01
-2.068541049957275391e-01
1.126085162162780762e+00
2.128235101699829102e+00
2.128235101699829102e+00
1.889098405838012695e+00
-1.258364319801330566e-02
-1.761778831481933594e+00
-1.545591711997985840e+00
-7.212370634078979492e-01
-5.756413936614990234e-01
-1.752826333045959473e+00
-1.479618310928344727e+00
-1.158259749412536621e+00
-4.575166106224060059e-01
7.481617331504821777e-01
2.128235101699829102e+00
8.121062517166137695e-01
1.447209268808364868e-01
1.500544846057891846e-01
1.890328079462051392e-01
1.821319460868835449e-01
1.132943779230117798e-01
2.141160666942596436e-01
3.744500875473022461e-01
4.073886573314666748e-01
7.007529139518737793e-01
1.106269240379333496e+00
7.766159772872924805e-01
8.121062517166137695e-01
8.121062517166137695e-01
1.436225771903991699e-01
1.105864346027374268e-01
1.165374666452407837e-01
3.483859822154045105e-02
-8.665131032466888428e-02
7.434648275375366211e-02
1.641368418931961060e-01
1.941346377134323120e-02
5.745104551315307617e-01
6.905439496040344238e-01
7.950195074081420898e-01
8.121062517166137695e-01
8.121062517166137695e-01
1.298225373029708862e-01
4.604399576783180237e-02
7.479106634855270386e-02
-9.384580701589584351e-02
-1.043744683265686035e-01
5.096284151077270508e-01
5.871116518974304199e-01
8.771383762359619141e-01
1.060364007949829102e+00
8.892568945884704590e-01
1.196153521537780762e+00
8.121062517166137695e-01
8.121062517166137695e-01
7.453324645757675171e-02
-1.944754458963871002e-02
-8.992636203765869141e-02
-1.354057937860488892e-01
1.040845736861228943e-01
1.699998080730438232e-01
-3.157025575637817383e-01
-3.088616430759429932e-01
-3.290016353130340576e-01
8.494266122579574585e-02
5.043289661407470703e-01
8.121062517166137695e-01
8.121062517166137695e-01
7.125767320394515991e-02
-1.580097973346710205e-01
-2.134028226137161255e-01
-4.547766447067260742e-01
-1.581851094961166382e-01
-7.636009156703948975e-02
5.822187662124633789e-02
3.589797317981719971e-01
6.230204105377197266e-01
1.124080657958984375e+00
7.755377292633056641e-01
8.121062517166137695e-01
8.121062517166137695e-01
-2.212686836719512939e-02
-1.220024153590202332e-01
-1.094992160797119141e-01
-2.078845351934432983e-01
3.507935106754302979e-01
6.979755759239196777e-01
1.117044210433959961e+00
1.053693532943725586e+00
1.012611031532287598e+00
1.011320710182189941e+00
1.207349538803100586e+00
8.121062517166137695e-01
8.121062517166137695e-01
-8.105996251106262207e-02
-2.060659676790237427e-01
-4.927253425121307373e-01
-1.440205872058868408e-01
1.421200335025787354e-01
-4.485657811164855957e-01
-6.317877769470214844e-01
-7.263709306716918945e-01
-7.296892404556274414e-01
-5.616899579763412476e-03
7.506413459777832031e-01
8.121062517166137695e-01
8.121062517166137695e-01
-1.259575188159942627e-01
-3.858812153339385986e-01
-4.842655956745147705e-01
-3.926950991153717041e-01
-5.756135582923889160e-01
-4.910061061382293701e-01
-4.578469395637512207e-01
-4.956648647785186768e-01
-7.741327881813049316e-01
5.846710801124572754e-01
8.125894069671630859e-01
8.121062517166137695e-01
8.121062517166137695e-01
-1.751191765069961548e-01
-4.636054635047912598e-01
-4.454806149005889893e-01
-4.977182745933532715e-01
-2.074966877698898315e-01
3.386301398277282715e-01
4.284200966358184814e-01
1.391143202781677246e-01
1.419774591922760010e-01
3.306492865085601807e-01
6.438902020454406738e-01
8.121062517166137695e-01
8.121062517166137695e-01
-2.849230468273162842e-01
-5.646748542785644531e-01
-5.008217096328735352e-01
-5.414200425148010254e-01
2.166567370295524597e-02
2.200549989938735962e-01
1.020729318261146545e-01
-7.005589548498392105e-03
3.624623417854309082e-01
1.233598113059997559e+00
6.632850766181945801e-01
8.121062517166137695e-01
8.121062517166137695e-01
-3.536965250968933105e-01
-5.691003799438476562e-01
-5.670509338378906250e-01
-5.861640572547912598e-01
1.324113607406616211e-01
-7.834622859954833984e-01
-5.398347973823547363e-01
2.444840669631958008e-01
-2.627662718296051025e-01
1.036839365959167480e+00
8.617990016937255859e-01
8.121062517166137695e-01
8.121062517166137695e-01
-4.067295193672180176e-01
-6.010006666183471680e-01
-6.144860386848449707e-01
-1.131832599639892578e-01
1.370507180690765381e-01
-7.132374048233032227e-01
-3.478195071220397949e-01
-2.125994116067886353e-02
1.202671881765127182e-02
4.801126122474670410e-01
9.272643327713012695e-01
8.121062517166137695e-01
8.121062517166137695e-01
-4.529796540737152100e-01
-6.627368927001953125e-01
-6.783706545829772949e-01
6.904596835374832153e-02
-4.055342972278594971e-01
-5.515354871749877930e-01
-3.010973930358886719e-01
-4.837616086006164551e-01
-1.917399233207106590e-03
5.393285751342773438e-01
8.438549041748046875e-01
8.121062517166137695e-01
3.671724349260330200e-02
-4.487853348255157471e-01
-8.441114425659179688e-01
-5.028964579105377197e-02
-1.986064165830612183e-01
-2.400050908327102661e-01
-2.318595349788665771e-01
-7.506091892719268799e-02
-8.105672895908355713e-04
-7.960647344589233398e-04
5.179405808448791504e-01
1.029007360339164734e-01
3.671724349260330200e-02
3.671724349260330200e-02
-4.015662968158721924e-01
-7.858631014823913574e-01
6.733071804046630859e-02
-3.501461073756217957e-02
-1.653270870447158813e-01
2.456693649291992188e-01
4.423827528953552246e-01
7.602441310882568359e-02
3.413003981113433838e-01
3.560918271541595459e-01
5.311251431703567505e-02
3.671724349260330200e-02
3.671724349260330200e-02
-4.402890503406524658e-01
-8.295877575874328613e-01
1.972928643226623535e-02
-5.642691254615783691e-02
-9.832724928855895996e-02
-5.695613101124763489e-02
4.765972867608070374e-02
-2.738962471485137939e-01
-1.501703858375549316e-01
2.750149667263031006e-01
2.270990908145904541e-01
3.671724349260330200e-02
3.671724349260330200e-02
-4.132187962532043457e-01
-9.397047162055969238e-01
-6.897962838411331177e-02
-1.284533292055130005e-01
-1.564945429563522339e-01
5.578323602676391602e-01
3.138799667358398438e-01
5.207490324974060059e-01
6.019257307052612305e-01
3.421797156333923340e-01
6.964075565338134766e-01
3.671724349260330200e-02
3.671724349260330200e-02
-5.186108946800231934e-01
-8.337447047233581543e-01
-7.891913503408432007e-02
-1.110157072544097900e-01
4.008881449699401855e-01
3.831185698509216309e-01
4.098863899707794189e-02
1.303403377532958984e-01
-1.779983043670654297e-01
2.178295552730560303e-01
3.043943047523498535e-01
3.671724349260330200e-02
3.671724349260330200e-02
-4.843131303787231445e-01
-1.230671882629394531e+00
-4.954813048243522644e-02
-1.816419512033462524e-01
-1.807718425989151001e-01
-6.177093088626861572e-02
-4.526847004890441895e-01
-3.445913791656494141e-01
-2.948056161403656006e-01
1.616023182868957520e-01
4.016999900341033936e-01
3.671724349260330200e-02
3.671724349260330200e-02
-5.598651766777038574e-01
-1.070579290390014648e+00
-1.734936833381652832e-01
-1.823076307773590088e-01
4.996990561485290527e-01
3.218957185745239258e-01
2.587455511093139648e-01
4.221124947071075439e-01
4.503158628940582275e-01
5.115216970443725586e-01
1.050127506256103516e+00
3.671724349260330200e-02
3.671724349260330200e-02
-5.948523283004760742e-01
-1.225391626358032227e+00
-1.802923381328582764e-01
1.070578247308731079e-01
2.458844929933547974e-01
2.232999801635742188e-01
1.825005263090133667e-01
7.974107563495635986e-02
-6.796748936176300049e-02
6.703473329544067383e-01
1.143576383590698242e+00
3.671724349260330200e-02
3.671724349260330200e-02
-6.564475893974304199e-01
-1.371979117393493652e+00
-1.377316713333129883e-01
-3.568377345800399780e-02
3.659014776349067688e-02
1.822859793901443481e-01
-5.557829737663269043e-01
-5.551213026046752930e-02
-1.840413808822631836e-01
5.681851506233215332e-01
1.120219349861145020e+00
3.671724349260330200e-02
3.671724349260330200e-02
-6.665902733802795410e-01
-1.465634346008300781e+00
-6.363910436630249023e-02
-6.935797631740570068e-03
1.813109666109085083e-01
4.237641096115112305e-01
-1.661272719502449036e-02
-5.036726593971252441e-01
2.975669205188751221e-01
3.350972533226013184e-01
8.334926366806030273e-01
3.671724349260330200e-02
3.671724349260330200e-02
-7.350510358810424805e-01
-1.491256594657897949e+00
-5.783623456954956055e-02
2.233660221099853516e-01
5.106030106544494629e-01
3.649902343750000000e-01
-9.849181026220321655e-02
5.388047099113464355e-01
4.813702106475830078e-01
6.486508250236511230e-01
6.206499934196472168e-01
3.671724349260330200e-02
3.671724349260330200e-02
-7.771893739700317383e-01
-1.545840859413146973e+00
-6.094423681497573853e-02
5.380445346236228943e-02
6.172035336494445801e-01
-5.241537094116210938e-01
1.598562151193618774e-01
2.868949174880981445e-01
6.097871661186218262e-01
8.385865688323974609e-01
6.670339107513427734e-01
3.671724349260330200e-02
3.671724349260330200e-02
-8.131759762763977051e-01
-1.588576197624206543e+00
-5.037593841552734375e-02
3.134892880916595459e-01
3.310444056987762451e-01
-7.320221066474914551e-01
1.500468254089355469e-01
2.785663902759552002e-01
3.561356961727142334e-01
1.211394429206848145e+00
7.197315692901611328e-01
3.671724349260330200e-02
-6.030468642711639404e-02
1.438603401184082031e-01
2.701052129268646240e-01
2.422697655856609344e-02
8.560625463724136353e-02
1.788574904203414917e-01
6.969093531370162964e-02
9.604460000991821289e-02
1.648670136928558350e-01
1.909102499485015869e-02
1.872926950454711914e-04
7.689580321311950684e-03
-6.030468642711639404e-02
-6.030468642711639404e-02
1.469328403472900391e-01
2.443843781948089600e-01
-3.488743677735328674e-02
2.527007088065147400e-02
5.920007079839706421e-02
-1.264064162969589233e-01
-2.812989950180053711e-01
1.611278057098388672e-01
9.060883522033691406e-02
-4.819353669881820679e-02
-3.702923655509948730e-02
-6.030468642711639404e-02
-6.030468642711639404e-02
1.533568501472473145e-01
2.691687345504760742e-01
-4.247055575251579285e-02
3.560546413064002991e-02
-2.265828847885131836e-02
-1.308707892894744873e-01
3.474701941013336182e-01
4.590960592031478882e-02
-1.061513721942901611e-01
-1.426087319850921631e-01
-5.654111504554748535e-01
-6.030468642711639404e-02
-6.030468642711639404e-02
1.443278789520263672e-01
2.728151977062225342e-01
6.730459630489349365e-02
-3.229687362909317017e-02
-6.876556575298309326e-02
-3.925118967890739441e-02
-2.386698126792907715e-01
-3.364609479904174805e-01
-1.284901350736618042e-01
-1.747957020998001099e-01
-7.961973547935485840e-03
-6.030468642711639404e-02
-6.030468642711639404e-02
1.748175323009490967e-01
2.941567301750183105e-01
-1.471380144357681274e-01
1.305710077285766602e-01
-1.891725361347198486e-01
-4.234426617622375488e-01
7.334455847740173340e-02
2.238314896821975708e-01
2.132638394832611084e-01
4.428514093160629272e-02
-6.207375228404998779e-02
-6.030468642711639404e-02
-6.030468642711639404e-02
1.809691488742828369e-01
3.231772184371948242e-01
6.490513682365417480e-02
-8.749572932720184326e-02
-1.174072921276092529e-01
3.433825671672821045e-01
1.172925382852554321e-01
-8.786065131425857544e-02
-1.223558634519577026e-01
-3.146476149559020996e-01
-6.734506487846374512e-01
-6.030468642711639404e-02
-6.030468642711639404e-02
1.962997615337371826e-01
3.408956527709960938e-01
-9.379360824823379517e-03
-9.656489640474319458e-02
-1.017173156142234802e-01
-3.230258822441101074e-01
-3.960074484348297119e-01
-3.169034719467163086e-01
-2.906646728515625000e-01
-4.385734796524047852e-01
-4.507275521755218506e-01
-6.030468642711639404e-02
-6.030468642711639404e-02
2.075160294771194458e-01
3.892377614974975586e-01
-2.160268649458885193e-02
-5.171013623476028442e-02
-1.652687340974807739e-01
-3.483060896396636963e-01
-1.218714118003845215e-01
4.085395112633705139e-02
4.815003275871276855e-01
-1.960019469261169434e-01
-4.000466763973236084e-01
-6.030468642711639404e-02
-6.030468642711639404e-02
2.305584251880645752e-01
4.341921806335449219e-01
-5.609362572431564331e-02
-9.750001132488250732e-03
-1.402873545885086060e-01
-2.729611396789550781e-01
4.172149300575256348e-02
1.240954697132110596e-01
-4.323878288269042969e-01
9.477173537015914917e-02
-2.117493599653244019e-01
-6.030468642711639404e-02
-6.030468642711639404e-02
2.543688416481018066e-01
4.512981176376342773e-01
-3.084695339202880859e-02
2.543754875659942627e-03
-1.311713755130767822e-01
-1.792001575231552124e-01
-9.306314587593078613e-02
-4.820155501365661621e-01
-1.232052147388458252e-01
-3.252704441547393799e-01
-8.243808895349502563e-02
-6.030468642711639404e-02
-6.030468642711639404e-02
2.710600495338439941e-01
4.783110320568084717e-01
-1.718609780073165894e-02
-8.018188178539276123e-02
-3.221976161003112793e-01
4.401658773422241211e-01
-3.248213827610015869e-01
-3.146463632583618164e-01
-9.508999437093734741e-02
-3.443199992179870605e-01
-2.729182243347167969e-01
-6.030468642711639404e-02
-6.030468642711639404e-02
2.910803854465484619e-01
5.052674412727355957e-01
1.251872628927230835e-02
-1.072689890861511230e-01
-1.246176660060882568e-02
2.780581414699554443e-01
-4.425341635942459106e-02
-1.778270155191421509e-01
3.463593125343322754e-02
-3.598879277706146240e-01
-2.335749864578247070e-01
-6.030468642711639404e-02
-6.030468642711639404e-02
3.159707784652709961e-01
5.382453203201293945e-01
8.421085774898529053e-03
-1.291063427925109863e-01
1.227804273366928101e-02
3.139209151268005371e-01
3.053437918424606323e-02
2.339909225702285767e-01
-4.729054123163223267e-02
-8.436442166566848755e-02
-3.635613620281219482e-01
-6.030468642711639404e-02
6.151882410049438477e-01
1.123529553413391113e+00
8.476637601852416992e-01
1.002867296338081360e-01
1.861297339200973511e-01
2.017422467470169067e-01
3.348370268940925598e-02
1.371424272656440735e-02
7.159863412380218506e-02
-1.020478755235671997e-01
-1.798662692308425903e-01
2.515414953231811523e-01
6.151882410049438477e-01
6.151882410049438477e-01
1.089452147483825684e+00
7.833862304687500000e-01
7.149401307106018066e-02
1.701150089502334595e-01
1.855583339929580688e-01
-1.010571271181106567e-01
-2.684420645236968994e-01
-1.282868087291717529e-01
-1.654830425977706909e-01
1.590598672628402710e-01
5.838036537170410156e-01
6.151882410049438477e-01
6.151882410049438477e-01
1.127615571022033691e+00
8.135556578636169434e-01
5.529563501477241516e-02
1.767128705978393555e-01
8.157116174697875977e-02
-1.083603873848915100e-01
2.191014736890792847e-01
5.197132229804992676e-01
4.097292721271514893e-01
4.720677137374877930e-01
6.747264862060546875e-01
6.151882410049438477e-01
6.151882410049438477e-01
1.130792737007141113e+00
8.509417176246643066e-01
7.182241976261138916e-02
1.921837031841278076e-01
4.426876455545425415e-02
-3.082582354545593262e-01
-2.316980212926864624e-01
-1.059217676520347595e-01
-3.094837665557861328e-01
-2.862215638160705566e-01
1.942283064126968384e-01
6.151882410049438477e-01
6.151882410049438477e-01
1.189414858818054199e+00
8.518605828285217285e-01
-1.625902950763702393e-02
-4.159950464963912964e-02
-3.641246259212493896e-01
-3.580992817878723145e-01
-1.670166552066802979e-01
-5.977919697761535645e-02
2.788550257682800293e-01
3.088217973709106445e-02
1.677375584840774536e-01
6.151882410049438477e-01
6.151882410049438477e-01
1.201636672019958496e+00
9.755769371986389160e-01
1.669984757900238037e-01
-1.349612325429916382e-02
-2.375854402780532837e-01
2.050349116325378418e-01
6.383057832717895508e-01
6.553663611412048340e-01
8.459987044334411621e-01
5.758988857269287109e-01
5.092538595199584961e-01
6.151882410049438477e-01
6.151882410049438477e-01
1.278405666351318359e+00
8.823860883712768555e-01
3.558795899152755737e-02
-2.240769565105438232e-03
-4.655219018459320068e-01
-2.333083152770996094e-01
-1.918002963066101074e-04
-1.665833890438079834e-01
-1.850951910018920898e-01
-4.435664415359497070e-01
-3.587628901004791260e-02
6.151882410049438477e-01
6.151882410049438477e-01
1.316102027893066406e+00
1.006678342819213867e+00
-7.231534272432327271e-02
-3.167204856872558594e-01
-4.376128315925598145e-01
-3.619493544101715088e-01
-4.596050977706909180e-01
-4.424834847450256348e-01
-4.178733229637145996e-01
-1.042883872985839844e+00
-4.788012504577636719e-01
6.151882410049438477e-01
6.151882410049438477e-01
1.366825103759765625e+00
1.082493662834167480e+00
-9.977545589208602905e-02
-2.952792346477508545e-01
-4.718083739280700684e-01
-2.115295529365539551e-01
2.010210901498794556e-01
1.209187433123588562e-01
-1.314719468355178833e-01
-1.137127757072448730e+00
-5.150404572486877441e-01
6.151882410049438477e-01
6.151882410049438477e-01
1.417928099632263184e+00
1.052741408348083496e+00
-2.035885900259017944e-01
-3.272000551223754883e-01
-5.925550460815429688e-01
-3.016735315322875977e-01
2.928200066089630127e-01
3.214567303657531738e-01
2.286995202302932739e-01
-6.564974188804626465e-01
-3.836840987205505371e-01
6.151882410049438477e-01
6.151882410049438477e-01
1.484441876411437988e+00
1.030977249145507812e+00
-2.967137694358825684e-01
-5.003963112831115723e-01
-7.916623353958129883e-01
-4.144778549671173096e-01
9.541799128055572510e-02
-5.087020993232727051e-01
-5.500645637512207031e-01
-4.051307439804077148e-01
-1.028495579957962036e-01
6.151882410049438477e-01
6.151882410049438477e-01
1.521120905876159668e+00
1.038798689842224121e+00
-3.474480509757995605e-01
-6.229250431060791016e-01
-3.484089076519012451e-01
-6.249032169580459595e-02
-2.340288460254669189e-01
-5.491085648536682129e-01
-6.762449145317077637e-01
-7.588095068931579590e-01
-1.328981071710586548e-01
6.151882410049438477e-01
6.151882410049438477e-01
1.553167104721069336e+00
1.037836074829101562e+00
-3.948068022727966309e-01
-9.105877876281738281e-01
-4.831127822399139404e-02
3.671953082084655762e-01
-4.631336033344268799e-01
-4.369710087776184082e-01
-8.005633950233459473e-01
-1.074402689933776855e+00
-1.616422683000564575e-01
6.151882410049438477e-01
-6.029702425003051758e-01
1.666385531425476074e-01
5.292887240648269653e-02
-1.164874359965324402e-01
-5.572637915611267090e-02
-4.215722531080245972e-02
-2.686701416969299316e-01
-2.643125355243682861e-01
-4.508046507835388184e-01
-8.979546427726745605e-01
-7.197465896606445312e-01
-9.825043678283691406e-01
-6.029702425003051758e-01
-6.029702425003051758e-01
1.943192481994628906e-01
7.547574490308761597e-02
-9.605081379413604736e-02
4.572316259145736694e-02
-5.772415548563003540e-02
-3.900784552097320557e-01
-1.629034876823425293e-01
-1.554079353809356689e-01
-5.299443006515502930e-01
-7.002304792404174805e-01
-6.298372745513916016e-01
-6.029702425003051758e-01
-6.029702425003051758e-01
2.486455291509628296e-01
1.097689121961593628e-01
-2.089326828718185425e-02
1.230891644954681396e-01
-1.134307831525802612e-01
-1.144684031605720520e-01
-2.607946395874023438e-01
-6.338178515434265137e-01
-7.685565352439880371e-01
-1.271933555603027344e+00
-8.488680124282836914e-01
-6.029702425003051758e-01
-6.029702425003051758e-01
2.607539892196655273e-01
2.726003527641296387e-01
1.120581775903701782e-01
9.261530637741088867e-02
-1.321754045784473419e-02
-5.100313574075698853e-02
-5.312033891677856445e-01
7.671739906072616577e-02
1.392548680305480957e-01
-3.457688093185424805e-01
-1.139315068721771240e-01
-6.029702425003051758e-01
-6.029702425003051758e-01
3.480302393436431885e-01
1.933505088090896606e-01
2.567718923091888428e-01
3.459310829639434814e-01
-2.413155287504196167e-01
-5.043358355760574341e-02
1.576122343540191650e-01
-1.116148009896278381e-01
-3.643327355384826660e-01
-6.870483160018920898e-01
-9.738332033157348633e-01
-6.029702425003051758e-01
-6.029702425003051758e-01
4.406839609146118164e-01
2.915339469909667969e-01
3.795995414257049561e-01
-5.443457141518592834e-02
-2.887000143527984619e-02
1.357600986957550049e-01
-4.811926484107971191e-01
-6.934037208557128906e-01
-6.051732301712036133e-01
-1.318344831466674805e+00
-8.781260251998901367e-01
-6.029702425003051758e-01
-6.029702425003051758e-01
4.943388700485229492e-01
4.889509081840515137e-01
2.861449718475341797e-01
3.425352573394775391e-01
1.511939764022827148e-01
-2.279045581817626953e-01
2.894734144210815430e-01
3.993459641933441162e-01
3.244917392730712891e-01
-7.208800315856933594e-01
-2.449373602867126465e-01
-6.029702425003051758e-01
-6.029702425003051758e-01
5.540149807929992676e-01
5.777461528778076172e-01
3.976258933544158936e-01
4.407772123813629150e-01
5.207491107285022736e-03
2.849681675434112549e-01
4.394442439079284668e-01
7.269206643104553223e-01
4.006210267543792725e-01
-9.775787591934204102e-01
-8.139452934265136719e-01
-6.029702425003051758e-01
-6.029702425003051758e-01
6.689420342445373535e-01
5.928577184677124023e-01
4.349496662616729736e-01
4.211056828498840332e-01
-1.549333184957504272e-01
2.378656268119812012e-01
2.703834772109985352e-01
-2.207752019166946411e-01
5.647598765790462494e-03
-6.863741874694824219e-01
-7.215222120285034180e-01
-6.029702425003051758e-01
-6.029702425003051758e-01
7.672985196113586426e-01
6.396647691726684570e-01
5.188915729522705078e-01
3.965156078338623047e-01
-3.459904342889785767e-02
1.113662123680114746e-01
1.292681545019149780e-01
-2.438064217567443848e-01
3.697365820407867432e-01
-1.063625693321228027e+00
-8.585715293884277344e-01
-6.029702425003051758e-01
-6.029702425003051758e-01
8.099018931388854980e-01
6.905497312545776367e-01
5.113680362701416016e-01
-2.352286875247955322e-02
3.762407898902893066e-01
9.717109054327011108e-02
1.102980673313140869e-01
2.245955467224121094e-01
-3.615388870239257812e-01
-5.742384195327758789e-01
-9.245166778564453125e-01
-6.029702425003051758e-01
-6.029702425003051758e-01
8.656759858131408691e-01
7.312877774238586426e-01
5.175820589065551758e-01
-3.277873098850250244e-01
6.819844841957092285e-01
-2.449517250061035156e-01
1.671496629714965820e-01
1.785673946142196655e-01
-5.627251863479614258e-01
-1.147583246231079102e+00
-6.615653038024902344e-01
-6.029702425003051758e-01
-6.029702425003051758e-01
9.348832368850708008e-01
7.565522193908691406e-01
5.246143341064453125e-01
-2.473811209201812744e-01
5.781475901603698730e-01
3.747459053993225098e-01
8.631341904401779175e-02
1.451453864574432373e-01
-4.849178791046142578e-01
-1.268924236297607422e+00
-8.135017156600952148e-01
-6.029702425003051758e-01
5.642565488815307617e-01
3.891419470310211182e-01
7.924252748489379883e-02
1.077583506703376770e-01
1.122262924909591675e-01
3.918251767754554749e-02
7.216385006904602051e-02
1.167667061090469360e-01
1.853619068861007690e-01
2.545992732048034668e-01
5.639620423316955566e-01
5.598939061164855957e-01
5.642565488815307617e-01
5.642565488815307617e-01
3.969535827636718750e-01
9.957703948020935059e-02
8.984763175249099731e-02
8.488633483648300171e-02
-4.600238800048828125e-02
-4.448518157005310059e-03
3.340625762939453125e-01
1.430435776710510254e-01
2.291130721569061279e-01
4.453526139259338379e-01
5.429241657257080078e-01
5.642565488815307617e-01
5.642565488815307617e-01
3.993347585201263428e-01
4.985354840755462646e-02
6.165144219994544983e-02
1.878990791738033295e-02
-7.702078670263290405e-02
1.776401847600936890e-01
9.507124125957489014e-02
3.992448449134826660e-01
4.125703275203704834e-01
2.610363364219665527e-01
7.544724941253662109e-01
5.642565488815307617e-01
5.642565488815307617e-01
3.909527063369750977e-01
4.612830653786659241e-02
-6.242796406149864197e-02
-6.502854824066162109e-02
-2.679787017405033112e-02
9.939461201429367065e-02
6.423495709896087646e-03
3.397765755653381348e-02
4.944263398647308350e-02
8.326505124568939209e-02
3.318842947483062744e-01
5.642565488815307617e-01
5.642565488815307617e-01
3.800649642944335938e-01
-4.788886755704879761e-02
2.985950186848640442e-02
-2.429026365280151367e-01
-1.212165281176567078e-01
2.020197659730911255e-01
1.611589193344116211e-01
2.598797678947448730e-01
3.952600657939910889e-01
6.349472403526306152e-01
5.794651508331298828e-01
5.642565488815307617e-01
5.642565488815307617e-01
3.694293498992919922e-01
-9.852594882249832153e-02
-7.526893913745880127e-02
-1.138743609189987183e-01
-8.592722937464714050e-03
9.059163928031921387e-02
4.096509218215942383e-01
4.213771224021911621e-01
3.784936368465423584e-01
2.827671170234680176e-01
7.722671627998352051e-01
5.642565488815307617e-01
5.642565488815307617e-01
3.351773619651794434e-01
-6.443604081869125366e-02
-2.500021457672119141e-01
-1.663907021284103394e-01
6.544142961502075195e-02
-4.247958958148956299e-02
-1.438080966472625732e-01
-2.139979302883148193e-01
-2.437875270843505859e-01
-2.666131854057312012e-01
4.290836453437805176e-01
5.642565488815307617e-01
5.642565488815307617e-01
3.246776461601257324e-01
-1.676562577486038208e-01
-2.559724450111389160e-01
-2.203519940376281738e-01
-3.379417955875396729e-01
-1.957284808158874512e-01
-1.295296549797058105e-01
5.576405674219131470e-02
-4.061894416809082031e-01
-8.769848942756652832e-02
4.718535542488098145e-01
5.642565488815307617e-01
5.642565488815307617e-01
3.236466646194458008e-01
-2.423940300941467285e-01
-2.471919655799865723e-01
-3.036965131759643555e-01
-3.388745188713073730e-01
9.079101681709289551e-02
2.258672714233398438e-01
4.599854350090026855e-02
4.564785957336425781e-01
-1.428113877773284912e-02
3.943382501602172852e-01
5.642565488815307617e-01
5.642565488815307617e-01
2.983199059963226318e-01
-3.052545785903930664e-01
-2.995628118515014648e-01
-3.384265601634979248e-01
-2.329406291246414185e-01
-3.408415243029594421e-02
3.778206557035446167e-02
-1.285522151738405228e-02
1.028459668159484863e-01
5.409610867500305176e-01
4.363217949867248535e-01
5.642565488815307617e-01
5.642565488815307617e-01
2.702795565128326416e-01
-3.071714639663696289e-01
-3.233819603919982910e-01
-4.030746519565582275e-01
1.418585777282714844e-01
-5.599017143249511719e-01
-3.915470242500305176e-01
-4.724030941724777222e-02
-1.290777772665023804e-01
2.967312037944793701e-01
5.792338848114013672e-01
5.642565488815307617e-01
5.642565488815307617e-01
2.642893195152282715e-01
-3.425917029380798340e-01
-3.595993816852569580e-01
-3.205544352531433105e-01
2.192587256431579590e-01
-4.235407114028930664e-01
-4.884315729141235352e-01
2.191573381423950195e-03
-1.431086212396621704e-01
2.407293021678924561e-02
4.000924229621887207e-01
5.642565488815307617e-01
5.642565488815307617e-01
2.541969418525695801e-01
-3.846150338649749756e-01
-4.080089330673217773e-01
-2.072200179100036621e-01
-3.099313378334045410e-02
-3.534115254878997803e-01
-5.017878413200378418e-01
-3.898067176342010498e-01
-2.823534607887268066e-01
-2.049103230237960815e-01
4.074644446372985840e-01
5.642565488815307617e-01
